 	venne	scritto	</S>
a31	0.462752	0.274633	0.262615
a28	0.465513	0.219149	0.315338
a8	0.393858	0.265385	0.340756
a31	0.346036	0.286048	0.367916
a20	0.221068	0.146192	0.632739
a31	0.380613	0.260036	0.359351
a13	0.187667	0.113183	0.69915
a29	0.370356	0.204629	0.425016
a39	0.345486	0.192978	0.461536
a31	0.349269	0.258917	0.391814
a35	0.155501	0.107771	0.736728
a31	0.381122	0.233353	0.385526
</S>	0.15218	0.139354	0.708466
