 	dopo	Giovanni	ritornò	la	sera	a	casa	andava	molto	stanco	perché	aveva	lavorato	tutta	la	settimana	</S>
d	0.500081	0.214777	0.0644511	0.0434556	0.0281002	0.0130798	0.0204131	0.010455	0.0104623	0.0104677	0.0104739	0.0104758	0.010492	0.0104769	0.0105033	0.0107995	0.0210359
ò	0.39502	0.286689	0.0647583	0.0276224	0.0127266	0.012695	0.0133836	0.0058955	0.00574249	0.00645855	0.00858257	0.00831171	0.00841987	0.00779061	0.0236387	0.0129631	0.0993019
p	0.441961	0.320162	0.0746122	0.0564656	0.0222903	0.0132438	0.0193301	0.00483746	0.00359244	0.00347302	0.003423	0.00417998	0.00408953	0.00365109	0.00581089	0.00762703	0.0112504
o	0.121071	0.559743	0.118043	0.0291678	0.0155135	0.0184385	0.0140209	0.00450659	0.00603458	0.00511488	0.0074631	0.00576396	0.00543104	0.00524468	0.00694781	0.0135366	0.0639593
G	0.125117	0.530682	0.048863	0.0270813	0.0350857	0.0214744	0.0310735	0.0173154	0.0140609	0.0116707	0.0122641	0.0153437	0.0136756	0.0120672	0.0177274	0.0257128	0.0407859
i	0.0546203	0.089292	0.193965	0.149963	0.0906631	0.0771582	0.048758	0.00692502	0.0168031	0.0111327	0.0284421	0.0127801	0.0111416	0.0113313	0.0205047	0.032532	0.143987
o	0.0636413	0.349763	0.125224	0.0441779	0.0583956	0.0534136	0.055244	0.0177156	0.0178279	0.0160871	0.0179584	0.0177779	0.0171624	0.0163547	0.0279819	0.0375588	0.0637158
v	0.047458	0.180051	0.338098	0.0653294	0.0499041	0.047945	0.0412233	0.0154481	0.0184605	0.0136838	0.0211659	0.0165155	0.0146666	0.0137819	0.0179932	0.0287163	0.069559
à	0.0251386	0.0818755	0.176764	0.207224	0.140863	0.078174	0.0617364	0.00725143	0.0180724	0.0105141	0.0238562	0.0141785	0.00683032	0.00786203	0.0156527	0.0457297	0.0782768
n	0.063724	0.362478	0.27328	0.0858495	0.048468	0.0371225	0.0302171	0.00735541	0.0109678	0.00664284	0.0138145	0.00782134	0.00640995	0.00632038	0.00660516	0.00830228	0.0246207
n	0.130457	0.303278	0.236753	0.0819387	0.0567118	0.0578687	0.0432932	0.0033178	0.00598542	0.00548629	0.00738466	0.00508607	0.0053764	0.00554829	0.00602964	0.0139156	0.0315694
i	0.037902	0.065902	0.243818	0.13844	0.116476	0.125035	0.107385	0.00756617	0.0150039	0.0129619	0.0146669	0.0104034	0.0125962	0.0127788	0.0205209	0.0245779	0.0339654
j	0.0240572	0.0722473	0.262069	0.197519	0.140334	0.106683	0.0697866	0.00882462	0.0128048	0.00917128	0.0151383	0.009943	0.00906489	0.00894393	0.0107435	0.018949	0.0237202
ù	0.0133425	0.0162709	0.0369674	0.122071	0.16982	0.120891	0.133145	0.0153552	0.0398236	0.028002	0.0321953	0.0207313	0.0153381	0.0206804	0.0131154	0.0632488	0.139002
r	0.0193243	0.0774823	0.262076	0.270259	0.151305	0.075843	0.0578249	0.00633115	0.0132722	0.00570439	0.014481	0.00757723	0.00411098	0.00441233	0.00381437	0.00620657	0.0199747
i	0.0186906	0.0642556	0.283931	0.164491	0.121043	0.123433	0.106611	0.00760914	0.0188551	0.00920407	0.0169105	0.00799887	0.00731069	0.00768889	0.00613764	0.0168545	0.0189761
s	0.0179759	0.0610912	0.206947	0.227612	0.196046	0.09723	0.074056	0.00807991	0.0155656	0.00671864	0.0170419	0.00890789	0.00587652	0.00583977	0.00608486	0.0114464	0.0334801
e	0.0189368	0.0341662	0.14212	0.199408	0.163681	0.118884	0.107457	0.0103606	0.0337483	0.0136819	0.0313556	0.0152519	0.00915734	0.0100928	0.00867311	0.0242658	0.0587604
o	0.0196558	0.0598209	0.161475	0.221747	0.196407	0.0989902	0.0833079	0.0129499	0.0213984	0.00776079	0.0183786	0.0136399	0.00573838	0.00572279	0.00709481	0.0155724	0.0503397
v	0.0163965	0.0308323	0.0662985	0.169886	0.226443	0.166004	0.144991	0.0120598	0.029485	0.013001	0.0272805	0.0173336	0.00773701	0.00905918	0.00715881	0.0171868	0.0388461
r	0.00674042	0.011089	0.0629188	0.1013	0.111763	0.128611	0.116241	0.0186042	0.0527549	0.0440984	0.0301557	0.015944	0.0232769	0.0413927	0.0148161	0.150529	0.0697654
à	0.015583	0.0454142	0.149395	0.192295	0.194435	0.106308	0.0888347	0.0143003	0.0257593	0.0116751	0.0225603	0.0170835	0.00684973	0.00766773	0.0092707	0.0163327	0.0762363
i	0.0111289	0.0345202	0.150266	0.25477	0.23079	0.120243	0.113172	0.00762992	0.0132912	0.00695718	0.0116362	0.00841919	0.00341526	0.00435447	0.00255505	0.00462187	0.0222305
è	0.0109012	0.0279697	0.111899	0.216924	0.236334	0.153676	0.143374	0.00712673	0.0183545	0.00743699	0.0173958	0.00912725	0.0049322	0.00556824	0.00432185	0.00900498	0.0156533
s	0.00854757	0.0271654	0.101388	0.222754	0.223422	0.174024	0.129319	0.0110154	0.0178769	0.0113836	0.0150799	0.0115026	0.00494421	0.00764955	0.00305775	0.00801992	0.022851
s	0.0107507	0.0447767	0.160943	0.19579	0.165759	0.108693	0.120986	0.010532	0.0297959	0.0134594	0.0193673	0.0119945	0.00598413	0.00768668	0.00403733	0.0326693	0.0567751
u	0.0120782	0.0357349	0.0928532	0.168493	0.194375	0.113154	0.120385	0.0235666	0.0464459	0.0210895	0.0244247	0.0194214	0.0091913	0.0115308	0.00804765	0.0289617	0.0702473
ì	0.0099055	0.0297489	0.0707317	0.166621	0.243994	0.170163	0.165778	0.0128215	0.024102	0.0108439	0.0162113	0.0124989	0.00519224	0.0066256	0.00411152	0.0165584	0.0340924
b	0.00688902	0.0214281	0.0785644	0.199144	0.229548	0.18754	0.164594	0.0110202	0.0179128	0.0117949	0.0129405	0.0103572	0.00508037	0.00801388	0.00264003	0.0079674	0.024565
b	0.0185468	0.143134	0.15742	0.142529	0.127596	0.12024	0.117534	0.0088773	0.0158429	0.0115572	0.00821072	0.00641518	0.00635556	0.00960397	0.00296454	0.0597479	0.0434256
i	0.02972	0.0885057	0.240313	0.151348	0.0955319	0.0698891	0.0737701	0.0277036	0.0458941	0.0283878	0.0250554	0.0177782	0.0112697	0.0157056	0.00410626	0.0240627	0.0509581
e	0.00862608	0.0275833	0.139808	0.210534	0.195782	0.148412	0.165623	0.00911522	0.0225426	0.00990874	0.0118665	0.00746775	0.00382774	0.00545235	0.00210545	0.0111827	0.0201624
p	0.00786367	0.0174753	0.0582386	0.178422	0.196643	0.216434	0.179455	0.0114805	0.0278287	0.01513	0.0192466	0.0119766	0.00566245	0.0098824	0.0033549	0.0196334	0.0212739
o	0.00723298	0.00821017	0.0288901	0.0864674	0.0990846	0.106035	0.103067	0.0285922	0.0679554	0.0665915	0.0546002	0.0221633	0.032883	0.0653437	0.0156896	0.0775929	0.129601
d	0.0131429	0.0253325	0.0391754	0.100029	0.157341	0.191378	0.163773	0.0282735	0.0629801	0.0311202	0.030474	0.0231041	0.0119255	0.0203616	0.00712795	0.0412281	0.0532328
d	0.00503775	0.00700214	0.0414087	0.061032	0.0620635	0.0730586	0.067982	0.0351583	0.0750454	0.0776163	0.0540332	0.0244934	0.0558144	0.0803776	0.0247668	0.179089	0.0760209
h	0.00834998	0.0145066	0.026065	0.0906418	0.139264	0.121145	0.13265	0.0311546	0.0632314	0.0451876	0.0353673	0.0258434	0.0264747	0.0347132	0.0124906	0.0596518	0.133263
ì	0.00822604	0.0128567	0.0310767	0.0871327	0.109462	0.133821	0.13389	0.0319083	0.0804906	0.0565471	0.0552093	0.029588	0.0235427	0.0413937	0.0127434	0.045345	0.106767
s	0.0062479	0.0171367	0.0486747	0.147131	0.161802	0.187551	0.178167	0.0247682	0.0570233	0.0378503	0.0234768	0.0136392	0.0135141	0.0279126	0.00297455	0.0208088	0.0313214
t	0.00705417	0.0107024	0.0451064	0.114347	0.123936	0.129349	0.131258	0.0299563	0.0645599	0.0522705	0.05009	0.0305217	0.0218283	0.0372907	0.00732533	0.0414976	0.102907
r	0.00691542	0.0112309	0.0206982	0.065924	0.0983948	0.0955718	0.108276	0.0450181	0.0729994	0.0670414	0.0733339	0.0574035	0.0391777	0.0555912	0.0268495	0.0319221	0.123652
à	0.00514169	0.00984734	0.0202523	0.0684617	0.0984451	0.12908	0.125372	0.0477699	0.0943865	0.0772345	0.0644414	0.0377082	0.0315251	0.0627293	0.0109987	0.0325264	0.0840794
k	0.00421523	0.0122599	0.0307771	0.113447	0.138927	0.16	0.15442	0.0428785	0.0860175	0.0623634	0.0358829	0.018553	0.0254144	0.0484668	0.00375163	0.0260484	0.0365787
k	0.00904643	0.0107916	0.051462	0.0760353	0.07721	0.0811114	0.0799421	0.0326357	0.0653559	0.0696536	0.0927751	0.0387658	0.032656	0.0700401	0.0175093	0.0546683	0.140341
o	0.0132501	0.013906	0.0193721	0.0559908	0.0992733	0.0749586	0.0949801	0.030047	0.0570967	0.0413583	0.115254	0.0554756	0.0285496	0.0379447	0.0420673	0.0410977	0.179378
j	0.00687265	0.00772484	0.0135106	0.0353312	0.0566234	0.0695229	0.0715649	0.0481414	0.11477	0.0951016	0.16083	0.0621619	0.0393443	0.079848	0.0170155	0.0447025	0.076934
a	0.00357096	0.0033762	0.00518748	0.01315	0.0224276	0.0263934	0.0276864	0.0594613	0.0599169	0.0799307	0.107813	0.0548109	0.105533	0.122905	0.0804427	0.11231	0.115084
t	0.00465542	0.00695675	0.00916146	0.0169631	0.0352797	0.0506438	0.0477835	0.0740571	0.134724	0.122158	0.113947	0.0644844	0.0614355	0.112588	0.0168249	0.0507602	0.0775766
ì	0.00361042	0.00455305	0.00634032	0.0139316	0.0271682	0.0364289	0.0357498	0.0548262	0.0964326	0.109989	0.107845	0.0594988	0.0838676	0.130225	0.038644	0.0782672	0.112622
ì	0.00254299	0.00740849	0.0128121	0.0467498	0.0750203	0.0910371	0.0901987	0.077568	0.105259	0.0938239	0.067963	0.0419398	0.0646338	0.0866027	0.0129425	0.0588253	0.0646729
c	0.00278108	0.00788351	0.0167897	0.0536258	0.0739092	0.0920868	0.0912758	0.0798036	0.108041	0.098033	0.0737419	0.0467385	0.0667004	0.0888917	0.0121557	0.0472682	0.040274
h	0.00453241	0.00725049	0.0286585	0.0310881	0.0299016	0.0370001	0.0342152	0.0393949	0.0586021	0.068855	0.0729413	0.0520954	0.0653797	0.0746711	0.0528772	0.283764	0.058773
e	0.0127402	0.0131586	0.024611	0.040787	0.0519781	0.0566453	0.0606703	0.0541448	0.0967475	0.0857479	0.157853	0.0633601	0.0395287	0.0882734	0.0261289	0.033889	0.0937367
p	0.00629347	0.00560441	0.00841963	0.0161016	0.0231903	0.0252772	0.0260652	0.0846759	0.073196	0.0863939	0.131136	0.0848018	0.0663614	0.100268	0.0271883	0.107086	0.127941
o	0.00311143	0.00281146	0.00511844	0.0193847	0.0297738	0.0330845	0.0336063	0.0587602	0.0511629	0.0685612	0.0929458	0.0522335	0.090817	0.0937312	0.112966	0.144645	0.107287
l	0.00477271	0.00573271	0.00651235	0.00737399	0.0113142	0.0145914	0.0136301	0.084644	0.09366	0.099067	0.112145	0.10341	0.0981124	0.122367	0.0382448	0.0781032	0.106319
e	0.00293156	0.00288242	0.00834867	0.0228341	0.0251576	0.0269273	0.026558	0.0386731	0.0372468	0.0537377	0.0705163	0.0443649	0.0967701	0.0826386	0.143346	0.239117	0.0779493
m	0.00443726	0.00632882	0.00747484	0.00809729	0.0121049	0.0166906	0.015273	0.090474	0.101046	0.0976238	0.095105	0.0884424	0.0926616	0.11583	0.033714	0.0971369	0.117559
ì	0.0041289	0.00429226	0.00737679	0.0191073	0.0223604	0.0249328	0.0248374	0.0340125	0.0384029	0.0537987	0.0695236	0.043298	0.0933884	0.0832163	0.131834	0.275046	0.0704437
s	0.0025727	0.00645698	0.0131815	0.0236376	0.0316846	0.0439026	0.0445345	0.0855682	0.104938	0.107598	0.100808	0.0800265	0.0932609	0.113326	0.0339125	0.0643075	0.0502852
o	0.00380502	0.00471065	0.00826009	0.0146264	0.0199944	0.0253992	0.0252013	0.0574447	0.0943816	0.120687	0.138178	0.0906306	0.105562	0.155181	0.034571	0.0403146	0.0610524
n	0.00288804	0.00450251	0.00543559	0.00589816	0.00917016	0.0128324	0.011485	0.0877674	0.0812859	0.0850676	0.0887071	0.11306	0.106405	0.110535	0.0765508	0.122845	0.0755644
t	0.00363093	0.00340396	0.0070995	0.0212618	0.0289135	0.0318316	0.0328161	0.0535098	0.046287	0.0589323	0.0846935	0.0507198	0.0785353	0.0794529	0.123249	0.176155	0.119508
a	0.0036329	0.00367408	0.00398935	0.00468074	0.00742256	0.00850913	0.00796003	0.0530656	0.0472083	0.061468	0.0846517	0.0876238	0.0938769	0.106244	0.126172	0.130572	0.169249
ò	0.00351792	0.00355474	0.00408315	0.00416827	0.00580003	0.00736517	0.00660119	0.0673115	0.0466583	0.0614418	0.059438	0.0938905	0.0945869	0.104369	0.112417	0.122837	0.201959
l	0.00169787	0.0030441	0.00499645	0.0079944	0.0108472	0.0148711	0.0137942	0.0495021	0.0570288	0.0684515	0.06918	0.0820273	0.0835894	0.094301	0.0746602	0.217428	0.146586
i	0.00214526	0.0021612	0.00819558	0.0199621	0.0216464	0.02327	0.0227384	0.0343875	0.0336625	0.0479123	0.0647536	0.0429987	0.065048	0.0632815	0.155519	0.310547	0.0817715
t	0.00653878	0.00725476	0.00810451	0.00755321	0.00798432	0.00979955	0.00917378	0.0613893	0.041318	0.0555039	0.0594438	0.0917684	0.08431	0.104977	0.104025	0.0956769	0.245179
i	0.00212486	0.00214686	0.00270206	0.00454837	0.00780715	0.00905784	0.00881422	0.0387469	0.0394915	0.057707	0.0768283	0.0648239	0.079555	0.0902563	0.133728	0.270607	0.111054
n	0.00381674	0.00489017	0.00567437	0.00514528	0.00556938	0.0072822	0.00662223	0.053614	0.0321642	0.0391187	0.0379885	0.0689121	0.0634804	0.0745336	0.130589	0.235614	0.224986
a	0.00193611	0.00181038	0.00510871	0.0150581	0.016975	0.0182935	0.0180566	0.0308101	0.0267238	0.0405393	0.0515676	0.0355466	0.0806838	0.0638341	0.166905	0.342931	0.0832196
d	0.00441055	0.00492162	0.00550915	0.00523109	0.00604636	0.00734852	0.0066775	0.0423184	0.0292519	0.0359415	0.0391845	0.0730376	0.064438	0.0891689	0.141939	0.192797	0.251779
d	0.000976809	0.0014608	0.00520695	0.012754	0.0134336	0.017291	0.0159332	0.0242095	0.0294493	0.0354185	0.0354792	0.0303597	0.0576519	0.0489142	0.103566	0.53032	0.0375748
o	0.00218493	0.00312435	0.00382877	0.0044499	0.00716025	0.00922235	0.00797879	0.0246625	0.0312939	0.0379491	0.0405391	0.0589963	0.0879553	0.121037	0.156603	0.304391	0.0986237
m	0.00239343	0.00199874	0.00233425	0.00230647	0.00318151	0.00406404	0.00358316	0.0256344	0.0174294	0.0241644	0.0178196	0.0353155	0.0435608	0.0655207	0.234973	0.324612	0.191108
à	0.00264785	0.00291521	0.00487108	0.00893684	0.0119291	0.0145381	0.0150094	0.0260437	0.0328576	0.0453842	0.0577659	0.0394144	0.0767145	0.0701412	0.124522	0.402918	0.0633917
</S>	0.00103283	0.00190554	0.00301764	0.00460212	0.00609901	0.00808741	0.00728106	0.0190086	0.0197351	0.0244381	0.0248219	0.0405984	0.0372116	0.0546103	0.0656216	0.518452	0.163477
