 	io	al	mio	fratello	non	gli	lo	scrissi	mai	una	lettera	al	mio	fratello	</S>
e	0.753111	0.0962876	0.0443407	0.0114137	0.0116486	0.0127261	0.0073769	0.00695984	0.00682636	0.00680592	0.00675439	0.00676633	0.00679952	0.00747037	0.0147122
v	0.537516	0.115674	0.0344109	0.0124654	0.00768783	0.0213625	0.00858532	0.0123269	0.0127044	0.0192919	0.0254457	0.0312329	0.0359212	0.0859097	0.0394653
ò	0.230977	0.223351	0.112406	0.0235096	0.0109168	0.0161583	0.0135905	0.0197964	0.0192319	0.028545	0.0116463	0.0122936	0.0139005	0.067736	0.195941
s	0.219833	0.617004	0.0502096	0.0201315	0.0112222	0.0120559	0.00632586	0.00457302	0.00455466	0.00465827	0.0045102	0.00585844	0.00783419	0.0202599	0.0109693
t	0.184917	0.421851	0.0776904	0.0355515	0.0188519	0.0434331	0.0220181	0.0255333	0.0187973	0.0221565	0.0182112	0.0183926	0.0181037	0.040297	0.0341949
o	0.0949726	0.292305	0.137641	0.0731722	0.0420185	0.0569643	0.0289147	0.0306316	0.0290574	0.0303535	0.0266163	0.0275978	0.028449	0.0662007	0.0351052
d	0.065102	0.400136	0.169915	0.0383641	0.029277	0.0385611	0.0263712	0.0291726	0.026127	0.0260236	0.0182239	0.0189988	0.0195486	0.044595	0.0495839
e	0.0199945	0.0976953	0.202015	0.192717	0.125745	0.0499915	0.048972	0.0376054	0.0251629	0.0301357	0.0138192	0.00852106	0.0103866	0.0384432	0.0987955
r	0.0543281	0.299982	0.256801	0.0367621	0.0271307	0.028805	0.0252252	0.0330695	0.0373752	0.0372354	0.0153206	0.016023	0.0169624	0.0422386	0.0727417
f	0.0232583	0.0856503	0.22209	0.15331	0.102815	0.0438912	0.0455029	0.0422951	0.0374301	0.0392187	0.0177209	0.0105137	0.0093459	0.0395732	0.127384
ò	0.0309859	0.13175	0.264686	0.10788	0.0693731	0.0393043	0.0410254	0.04858	0.0472224	0.0463298	0.014806	0.0121683	0.0148049	0.0485511	0.0825329
m	0.0394073	0.212235	0.345183	0.112457	0.0818906	0.032346	0.0345298	0.0306259	0.0275952	0.0267442	0.00832462	0.00669767	0.00645976	0.0131894	0.0223137
u	0.0124493	0.0541539	0.128455	0.124683	0.125843	0.168792	0.0916734	0.0659146	0.034694	0.0416916	0.0188909	0.00502389	0.0030818	0.010641	0.114012
e	0.021139	0.0790948	0.267685	0.188588	0.176084	0.0466528	0.0587216	0.0411991	0.0301193	0.0272565	0.00836329	0.00753239	0.00741807	0.0172981	0.0228469
n	0.0150347	0.02649	0.107813	0.285099	0.218336	0.0730199	0.104407	0.0499753	0.0296066	0.0283761	0.0092664	0.00662539	0.00610293	0.0160135	0.0238343
t	0.00897138	0.045339	0.106302	0.169478	0.131986	0.202305	0.136621	0.0835416	0.0232	0.0200628	0.00912167	0.00392763	0.00326689	0.0114308	0.0444459
u	0.0195972	0.0274601	0.0796501	0.188383	0.151343	0.0993099	0.125583	0.0847201	0.0528895	0.0424626	0.0168347	0.00982146	0.00979972	0.0373681	0.0547774
t	0.0147829	0.0222605	0.0521651	0.187034	0.155032	0.104628	0.166666	0.113606	0.0564245	0.0382219	0.0134787	0.00759397	0.0065168	0.0271161	0.0344725
ò	0.00922576	0.0111634	0.0282669	0.131222	0.100138	0.191851	0.177269	0.152768	0.0484131	0.0381617	0.0194413	0.00952693	0.00570872	0.01714	0.0597043
g	0.0113355	0.0276054	0.0758365	0.169952	0.16483	0.109879	0.163307	0.122027	0.0534425	0.0307784	0.015364	0.00905662	0.00578929	0.00830622	0.032491
r	0.00474176	0.0173223	0.0538187	0.101949	0.0786937	0.218151	0.11533	0.141369	0.0513103	0.0666285	0.0302116	0.011911	0.00607181	0.0156277	0.0868637
a	0.00883207	0.0107816	0.0207867	0.0997559	0.0784873	0.144287	0.159958	0.219173	0.097513	0.0797229	0.0175812	0.00643681	0.00437616	0.0145813	0.0377265
z	0.00718875	0.00873813	0.0126428	0.0599864	0.0573897	0.0804015	0.134953	0.248164	0.163864	0.14205	0.0253776	0.00850543	0.00459482	0.016809	0.0293347
z	0.00419443	0.00976374	0.0427127	0.0856799	0.0675355	0.184317	0.0980973	0.138539	0.0758014	0.104094	0.0452681	0.023395	0.0200029	0.0254117	0.0751878
a	0.0104791	0.0115298	0.0143965	0.04665	0.052354	0.0746532	0.11489	0.154638	0.0802203	0.114452	0.0906313	0.0382818	0.0242781	0.0295324	0.143014
m	0.005412	0.00724506	0.00985057	0.0314691	0.0346046	0.0456608	0.0914971	0.208771	0.199243	0.199548	0.0566367	0.0235079	0.00937515	0.0181227	0.0590564
à	0.00624451	0.0117949	0.031513	0.0834031	0.0746398	0.152654	0.0994673	0.138844	0.0808004	0.109337	0.055631	0.0271631	0.0208204	0.0237837	0.0839045
i	0.00433327	0.00970194	0.0166508	0.0643889	0.0861882	0.065519	0.152854	0.201169	0.151803	0.13353	0.0416711	0.0202012	0.00883039	0.00521332	0.0379457
è	0.00456294	0.005463	0.00810438	0.0323077	0.0328082	0.0614973	0.099724	0.215822	0.157898	0.206269	0.0877237	0.0410886	0.013625	0.011026	0.0220791
n	0.00367279	0.00641754	0.0140636	0.0519071	0.05859	0.0563669	0.125617	0.196399	0.169966	0.162667	0.0675747	0.0348373	0.0169727	0.00711086	0.0278374
a	0.00370328	0.0075202	0.0332935	0.0729089	0.0586435	0.15668	0.084879	0.122024	0.0745312	0.115848	0.0786997	0.0447159	0.025527	0.0228851	0.098141
n	0.00851422	0.0101819	0.0120526	0.0248956	0.0208936	0.0343031	0.0444197	0.112186	0.138649	0.175143	0.121824	0.103856	0.0569571	0.0397423	0.0963813
g	0.00336256	0.00604688	0.0233979	0.0548101	0.0490344	0.114082	0.0642219	0.0904389	0.0613644	0.0949721	0.120082	0.0876283	0.0779191	0.042497	0.110142
r	0.0129697	0.0130583	0.0132764	0.0153298	0.0162111	0.0288418	0.0225855	0.0651153	0.0975946	0.11806	0.108647	0.0819961	0.0605799	0.0945509	0.251184
à	0.00259578	0.00280817	0.00323574	0.00704464	0.00576491	0.0196566	0.0157262	0.0684358	0.075166	0.116171	0.143328	0.134739	0.110305	0.0695556	0.225468
m	0.0024999	0.00367135	0.00630663	0.0199467	0.016569	0.0328206	0.038903	0.10345	0.120193	0.13814	0.137921	0.12533	0.095757	0.0463039	0.112188
m	0.00550053	0.0127422	0.0419343	0.095525	0.0662011	0.14006	0.105801	0.13017	0.0881163	0.11098	0.0501465	0.0296675	0.0193455	0.0311527	0.0726573
a	0.00372636	0.00545617	0.0113918	0.0440073	0.0484668	0.0691764	0.0855694	0.137825	0.0832754	0.133732	0.0957061	0.0848301	0.0708107	0.0479553	0.0780707
u	0.00456516	0.00453108	0.00459171	0.00585527	0.00530756	0.0163011	0.00777915	0.0204348	0.0389017	0.0537253	0.110214	0.15251	0.159875	0.0987421	0.316666
d	0.00448449	0.00460082	0.00523194	0.008629	0.00799393	0.0284134	0.0143235	0.0410744	0.0603932	0.08238	0.158048	0.155545	0.126386	0.064797	0.237699
e	0.00258232	0.00430028	0.0144318	0.0452645	0.0393105	0.0880371	0.0568521	0.0839137	0.0552704	0.0894286	0.121915	0.0919464	0.114893	0.0731573	0.118697
r	0.00701061	0.00777838	0.00863919	0.0153909	0.0107831	0.0261063	0.0181097	0.0348214	0.0508755	0.0695294	0.0863617	0.140122	0.162016	0.118836	0.24362
f	0.00220609	0.00263124	0.00418288	0.0156161	0.0162807	0.0313045	0.0452733	0.0998137	0.0744407	0.114136	0.127512	0.108479	0.0861546	0.127545	0.144425
ù	0.00316655	0.00389184	0.0046912	0.00935855	0.00691016	0.0147448	0.0132498	0.0408167	0.0840432	0.103661	0.104334	0.141093	0.175918	0.134571	0.159549
m	0.00168325	0.00313659	0.00428437	0.00774749	0.00680393	0.0129226	0.0117618	0.0267693	0.0548283	0.0541979	0.0600679	0.0910207	0.0990932	0.359653	0.206029
m	0.005377	0.00962037	0.0270218	0.0688803	0.0517467	0.120565	0.0804191	0.111983	0.0712167	0.111041	0.0829625	0.0688809	0.0446043	0.0557858	0.0898954
u	0.00350218	0.0041635	0.00672283	0.0133867	0.0132808	0.0342637	0.0233808	0.0694173	0.0661529	0.0982702	0.164047	0.15114	0.153877	0.0684737	0.129921
</S>	0.00729133	0.00656827	0.00523026	0.00547284	0.00534075	0.00994056	0.00650689	0.0106985	0.0174148	0.0198678	0.0399891	0.0719201	0.133595	0.262448	0.397715
