 	la	donna	vuole	pulire	la	casa	ogni	giorno	per	stare	pulita	</S>
e	0.933734	0.0282927	0.0179696	0.00275256	0.00207812	0.0019187	0.00188928	0.00188401	0.00186629	0.00189386	0.00190797	0.00381233
j	0.551623	0.226728	0.0504855	0.0122089	0.00819439	0.0094718	0.00828662	0.0132964	0.0149935	0.0410785	0.0260283	0.0376057
i	0.133333	0.305708	0.280389	0.0174577	0.0125081	0.0198565	0.012947	0.0105231	0.00818571	0.0278944	0.0545999	0.116597
n	0.244789	0.444241	0.0645132	0.0248003	0.0168686	0.0105464	0.00951352	0.0111159	0.0114609	0.0487734	0.0374753	0.075903
è	0.0778389	0.442595	0.161637	0.0159254	0.0172045	0.0232189	0.0158336	0.00920889	0.00766298	0.0299251	0.0650542	0.133895
k	0.121634	0.686932	0.126383	0.0126154	0.00646175	0.00472445	0.00340329	0.00447366	0.00432795	0.00626185	0.00634074	0.0164417
a	0.0746923	0.284575	0.207828	0.170425	0.0815958	0.0232921	0.0125778	0.0113327	0.0121001	0.0191397	0.0245677	0.0778746
t	0.0489925	0.330424	0.377975	0.0264022	0.0242719	0.0205564	0.0142813	0.01522	0.0150715	0.0205282	0.0241825	0.0820947
è	0.0468224	0.166673	0.248304	0.109589	0.0578805	0.0572875	0.0371382	0.0226459	0.0180726	0.0345739	0.0416154	0.159397
l	0.0630317	0.242412	0.418424	0.0432514	0.0351849	0.0429574	0.033147	0.0178557	0.011017	0.01167	0.0127092	0.0683402
i	0.019194	0.119552	0.149823	0.261571	0.217769	0.0432224	0.0321833	0.0190601	0.0101413	0.0134493	0.0226325	0.0914023
n	0.0337115	0.147089	0.320046	0.180913	0.0776523	0.0492241	0.0335249	0.0182609	0.0132834	0.0158585	0.0185966	0.09184
a	0.0165675	0.100105	0.168837	0.318085	0.225956	0.0287679	0.02043	0.0119268	0.00851072	0.0205632	0.0207029	0.0595477
p	0.0327988	0.115887	0.15238	0.265801	0.121706	0.0500568	0.0397954	0.0251364	0.0127901	0.0220777	0.0266145	0.134956
u	0.00851686	0.0268962	0.056376	0.314156	0.307435	0.0671813	0.053628	0.0226117	0.0236226	0.0218663	0.0383074	0.0594018
l	0.0320899	0.115314	0.13525	0.238132	0.113384	0.0399051	0.0347307	0.0309663	0.0118481	0.0239027	0.0261773	0.198299
i	0.00806959	0.0287761	0.0767637	0.296481	0.282553	0.0769775	0.0623791	0.0241431	0.0280647	0.0272057	0.0367999	0.0517867
z	0.026005	0.0931176	0.098666	0.23213	0.133666	0.0476492	0.0415698	0.0327916	0.0119714	0.0209532	0.0247015	0.236778
z	0.0054905	0.0336852	0.082267	0.290853	0.266003	0.0693609	0.0614643	0.0208048	0.0258272	0.0402769	0.0504859	0.0534816
è	0.0188092	0.0691909	0.0775283	0.226446	0.27638	0.0539316	0.0508076	0.0417903	0.033819	0.0183688	0.0282897	0.104639
s	0.0100737	0.0346074	0.0724479	0.364594	0.351328	0.0510243	0.0444988	0.0186471	0.00822209	0.0036234	0.00428977	0.0366427
s	0.0104409	0.0345157	0.0342126	0.237284	0.321904	0.119803	0.103834	0.0651467	0.0233703	0.00613092	0.0100362	0.0333224
i	0.0100745	0.031354	0.0224364	0.13638	0.289662	0.158096	0.146012	0.0914067	0.0333152	0.0107971	0.0230034	0.0474631
o	0.0119259	0.0410618	0.0314949	0.112981	0.264172	0.201579	0.178003	0.0541297	0.0189153	0.00668045	0.00955796	0.0695002
s	0.0130701	0.026554	0.0175191	0.0890195	0.232545	0.229524	0.2081	0.0755741	0.0287634	0.00749793	0.00949668	0.0623363
p	0.00833138	0.0149878	0.0110461	0.0762832	0.197977	0.229578	0.200392	0.0844753	0.0574042	0.0106118	0.0188696	0.0900433
i	0.00499611	0.0148889	0.0111424	0.107105	0.202338	0.199098	0.180322	0.0639265	0.0705292	0.0133656	0.0331721	0.0991164
t	0.00896792	0.0241309	0.0143986	0.043422	0.086787	0.217835	0.250509	0.136973	0.0707422	0.0117226	0.017923	0.116589
i	0.00607586	0.0105043	0.00764831	0.036652	0.0786381	0.174124	0.191806	0.165185	0.134824	0.0254777	0.0672517	0.101813
k	0.00973457	0.0223264	0.0134926	0.0402135	0.0745442	0.195409	0.232438	0.174293	0.0925119	0.0133925	0.0209531	0.110691
u	0.00476726	0.00882303	0.0196479	0.112036	0.130736	0.124421	0.107541	0.116021	0.199012	0.0548425	0.0635522	0.0586008
à	0.0105983	0.0192339	0.0127915	0.0343258	0.0543575	0.153031	0.211722	0.214354	0.117328	0.0140796	0.0293205	0.128858
i	0.00425501	0.0137775	0.00963748	0.0467092	0.0706981	0.132168	0.196486	0.206377	0.168134	0.013639	0.0307695	0.10735
m	0.0057352	0.0108333	0.00722195	0.0273404	0.0430973	0.101358	0.162108	0.251862	0.211932	0.0150398	0.0390812	0.124391
è	0.00477202	0.0165052	0.0272939	0.131883	0.150063	0.126835	0.109907	0.104101	0.148651	0.0656714	0.0716126	0.0427049
r	0.00415588	0.0122384	0.00771466	0.0330235	0.0488898	0.0990414	0.170494	0.242569	0.215534	0.0325046	0.0384012	0.0954323
i	0.0052745	0.00818138	0.00713764	0.03332	0.0455292	0.0892326	0.13937	0.231008	0.214663	0.0478045	0.0236463	0.154833
n	0.0055026	0.0120729	0.00728974	0.0170393	0.020074	0.0461977	0.0707785	0.203652	0.21673	0.11721	0.108425	0.175029
a	0.00407264	0.0057153	0.00836342	0.033592	0.0663942	0.0869556	0.083779	0.10565	0.234885	0.103792	0.125224	0.141577
s	0.00787412	0.0107662	0.00842237	0.0147887	0.0165574	0.0308967	0.0322779	0.131033	0.173424	0.153827	0.104175	0.315958
t	0.00366929	0.00504445	0.00415518	0.0138158	0.0221724	0.0556422	0.0852471	0.156684	0.18866	0.106916	0.213712	0.144281
a	0.00394465	0.00732409	0.00484019	0.0145986	0.0207199	0.0457659	0.0630725	0.159944	0.201619	0.123344	0.180101	0.174725
s	0.00303849	0.00543639	0.00357479	0.0081868	0.00973712	0.0211195	0.022026	0.0732494	0.089047	0.193574	0.387842	0.183168
ì	0.0018931	0.00351483	0.00241749	0.010608	0.0166275	0.0384391	0.0607028	0.0993861	0.119738	0.0883121	0.475544	0.0828166
p	0.00156718	0.00379549	0.00234089	0.0101998	0.013967	0.0209793	0.0227238	0.0495352	0.0559136	0.140114	0.453409	0.225454
u	0.000760008	0.00196747	0.00151765	0.012992	0.0285625	0.0412101	0.0405719	0.0475007	0.067551	0.196633	0.510588	0.0501464
l	0.00325471	0.00674558	0.00411907	0.00896819	0.00942052	0.0120672	0.0114484	0.0233866	0.0272534	0.207134	0.401648	0.284554
i	0.0028295	0.00371748	0.0051251	0.0272267	0.0512312	0.065594	0.0619771	0.0839831	0.23011	0.172176	0.191782	0.104248
t	0.00711374	0.00695813	0.00657138	0.00780232	0.00814522	0.0106538	0.0096657	0.0188355	0.0332575	0.2371	0.349036	0.304861
a	0.00196714	0.00235382	0.00206295	0.00415369	0.00586776	0.0135369	0.0186011	0.0577781	0.138787	0.179963	0.487833	0.0870957
</S>	0.00237921	0.00257909	0.00217538	0.00331395	0.00359276	0.00568266	0.00487534	0.0126248	0.0204898	0.279128	0.491023	0.172136
