 	vuole	pianto	</S>
e	0.966615	0.020923	0.012462
t	0.799139	0.132926	0.0679347
è	0.288043	0.208177	0.50378
l	0.735667	0.211869	0.0524637
i	0.077919	0.132386	0.789695
k	0.0403214	0.654692	0.304986
l	0.0259877	0.132421	0.841591
a	0.0399374	0.276321	0.683742
m	0.0339322	0.340368	0.6257
m	0.00394659	0.367853	0.6282
è	0.00534673	0.365748	0.628906
n	0.0227025	0.388195	0.589102
o	0.0196877	0.223494	0.756818
</S>	0.00970325	0.323818	0.666478
