 	venne	scritto	</S>
ì	0.872212	0.0704474	0.0573402
r	0.741465	0.179146	0.0793898
t	0.709937	0.195939	0.094124
e	0.391518	0.388744	0.219739
g	0.231962	0.458834	0.309204
r	0.0972497	0.269699	0.633051
a	0.018002	0.529428	0.45257
m	0.0381057	0.445507	0.516387
m	0.0142104	0.468862	0.516927
è	0.0127263	0.368614	0.618659
n	0.0571059	0.30977	0.633124
o	0.0439034	0.241989	0.714108
</S>	0.0200538	0.293183	0.686763
