 	il	cibo	vuole	mangiato	appena	lo	cucini	che	è	più	saporito	</S>
o	0.900867	0.0562589	0.0216876	0.00481507	0.0019062	0.00183786	0.0017642	0.00176208	0.0017748	0.00176955	0.00185832	0.00369842
m	0.34765	0.459434	0.0540711	0.0113849	0.00652842	0.00362586	0.00563145	0.0113365	0.019672	0.0193722	0.0359783	0.0253147
a	0.181825	0.206166	0.288949	0.030968	0.0208619	0.0110583	0.011612	0.0205099	0.0141473	0.028421	0.0708505	0.114631
r	0.170034	0.499257	0.0900538	0.0227027	0.00960369	0.00756388	0.00986365	0.0143056	0.0245075	0.0375631	0.060665	0.0538806
ì	0.0867803	0.240233	0.271624	0.0272506	0.0168857	0.0149146	0.0201277	0.0176865	0.0130996	0.0174297	0.0634665	0.210502
o	0.069371	0.53198	0.334475	0.0130865	0.00847478	0.00613207	0.00471053	0.00420998	0.00394544	0.00391184	0.00526491	0.014438
t	0.0636355	0.262534	0.369932	0.0588513	0.0305248	0.0266596	0.0219016	0.0213144	0.0212513	0.0212483	0.0330008	0.069147
è	0.0507812	0.0966956	0.218774	0.161595	0.0811952	0.0707293	0.0276977	0.0304018	0.0214572	0.0306536	0.0530433	0.156976
l	0.0533391	0.358259	0.348249	0.0844945	0.0316172	0.0302542	0.0189977	0.0141654	0.00908952	0.00814437	0.0100557	0.0333338
i	0.0210334	0.100415	0.162096	0.204796	0.176762	0.130392	0.0278052	0.0248191	0.00899398	0.0141229	0.0329837	0.0957801
f	0.0270282	0.0547731	0.169829	0.404355	0.0811348	0.12239	0.0214504	0.0177175	0.012177	0.0116213	0.0200584	0.0574648
a	0.0143958	0.0500382	0.117736	0.280083	0.172229	0.182901	0.0164906	0.02168	0.0100747	0.0216501	0.0344996	0.0782214
m	0.0261263	0.0376527	0.104395	0.350098	0.0896043	0.156311	0.0368916	0.0320713	0.0166978	0.0144042	0.026981	0.108767
è	0.0120309	0.0170458	0.0556209	0.204076	0.273922	0.208418	0.0330404	0.0329302	0.0177069	0.026697	0.0429193	0.075592
n	0.0115546	0.0246345	0.0852714	0.410578	0.143776	0.240597	0.02556	0.0175512	0.00857484	0.0044432	0.0053734	0.0220862
o	0.0163469	0.069134	0.183219	0.216313	0.151463	0.147219	0.0389154	0.0541417	0.00935139	0.0165736	0.0159774	0.0813455
a	0.0131056	0.0149417	0.0256861	0.254939	0.304619	0.262047	0.0378322	0.0235089	0.00974661	0.0060708	0.0147666	0.032737
p	0.0161003	0.0166083	0.0198738	0.182948	0.344185	0.255679	0.0414322	0.0381618	0.0159943	0.00794267	0.0170813	0.0439935
p	0.00786782	0.0106833	0.0356973	0.156014	0.302004	0.169132	0.0714471	0.0595399	0.0188276	0.0284309	0.0761155	0.0642406
è	0.020816	0.0214632	0.0246241	0.141666	0.189594	0.178644	0.0943443	0.102804	0.0371676	0.0284924	0.0531024	0.107283
n	0.00565544	0.00818514	0.0146896	0.212697	0.250813	0.259728	0.128912	0.0556845	0.0138261	0.00411183	0.00436516	0.041332
a	0.00962242	0.0246683	0.0899766	0.148023	0.204524	0.150426	0.0382773	0.0757778	0.0282476	0.0284498	0.0308059	0.171201
o	0.0145602	0.0134964	0.0146116	0.0510856	0.115911	0.0972701	0.266144	0.25841	0.0420871	0.0130303	0.0250953	0.0882993
m	0.0159397	0.0156338	0.0170144	0.0722593	0.157507	0.122478	0.19978	0.229425	0.0369762	0.0137265	0.021639	0.0976211
a	0.00855988	0.0140619	0.0454231	0.14239	0.26731	0.158243	0.0880943	0.0837615	0.0216048	0.0372703	0.0731564	0.0601247
r	0.0171158	0.0178772	0.0193907	0.0443693	0.0800583	0.0725801	0.250651	0.197837	0.0543306	0.0209493	0.0330048	0.191836
è	0.0062973	0.00638354	0.00726031	0.0474101	0.110473	0.0877838	0.137013	0.224013	0.0456848	0.052835	0.13606	0.138787
i	0.0063106	0.00878732	0.0121482	0.0537794	0.0778804	0.0895121	0.316936	0.237042	0.050902	0.0165117	0.0184518	0.111738
k	0.00855592	0.00857698	0.00936204	0.0410873	0.0956228	0.0619472	0.218153	0.33768	0.0779321	0.0192801	0.0303748	0.0914287
a	0.00670332	0.00874176	0.0309478	0.109321	0.157851	0.113675	0.0971422	0.156178	0.0371888	0.068774	0.0705562	0.14292
è	0.0121082	0.012036	0.0126061	0.0211622	0.041124	0.0269917	0.129607	0.228227	0.156406	0.0329531	0.0686079	0.25817
p	0.00433636	0.0045895	0.00549467	0.0289309	0.0563903	0.0362153	0.127966	0.226963	0.147987	0.0848989	0.149078	0.12715
l	0.00230238	0.00268345	0.00696486	0.0602044	0.114327	0.0728291	0.0685525	0.117216	0.0490867	0.170117	0.252597	0.0831195
è	0.0153197	0.0152623	0.015313	0.0172446	0.0230482	0.017923	0.0930545	0.135382	0.124578	0.0735243	0.157415	0.311936
o	0.00321745	0.00315882	0.00344415	0.0113839	0.0249647	0.0132694	0.0853528	0.153378	0.18818	0.11855	0.283145	0.111956
s	0.010146	0.00643111	0.00651485	0.0143254	0.030522	0.0146918	0.0736639	0.199089	0.264779	0.128067	0.122945	0.128824
a	0.00745887	0.00523111	0.00550384	0.0161336	0.0261087	0.0188422	0.0851293	0.187265	0.152534	0.108538	0.176001	0.211255
p	0.0040323	0.00257333	0.00270258	0.00481645	0.00858257	0.00564883	0.016469	0.030939	0.0861459	0.079336	0.542702	0.216052
o	0.00171874	0.0017588	0.00368745	0.0319142	0.0662273	0.0395272	0.0391283	0.0865139	0.0607129	0.246358	0.356951	0.0655026
r	0.00421907	0.00334382	0.00351682	0.00592977	0.0109176	0.00687604	0.010625	0.0209255	0.0589863	0.0435993	0.664551	0.16651
ì	0.0017019	0.00153913	0.00171464	0.00834028	0.0193247	0.0143143	0.0387652	0.088658	0.0620799	0.163972	0.522132	0.0774576
t	0.00103257	0.000939705	0.00102612	0.00284645	0.00590743	0.00313607	0.0112555	0.0195074	0.0375461	0.0382121	0.711165	0.167425
o	0.0016009	0.00141031	0.00147798	0.00434115	0.010461	0.00487535	0.0249678	0.0663859	0.0727584	0.10315	0.620817	0.0877541
</S>	0.0028936	0.00171268	0.0016002	0.002009	0.00408544	0.00230197	0.00364316	0.00892083	0.0274023	0.0456184	0.70485	0.194963
