 	vuole	pianto	</S>
i	0.966615	0.020923	0.012462
t	0.801466	0.132899	0.0656346
è	0.294177	0.208745	0.497077
l	0.740774	0.20772	0.0515058
i	0.0782303	0.133059	0.78871
k	0.0408497	0.657824	0.301326
l	0.0261747	0.13142	0.842405
a	0.0402596	0.275605	0.684135
m	0.034267	0.341052	0.624681
m	0.00393663	0.366965	0.629098
è	0.00534237	0.365629	0.629029
n	0.0227502	0.387924	0.589326
o	0.0196205	0.223253	0.757126
</S>	0.00970453	0.323557	0.666738
