 	entrò	da	qui	</S>
m	0.882328	0.0736564	0.0253607	0.0186545
b	0.174545	0.249177	0.0456649	0.530614
ì	0.0466351	0.696823	0.072608	0.183934
k	0.23083	0.718379	0.0285793	0.0222114
e	0.254256	0.4661	0.10564	0.174004
a	0.0978464	0.63206	0.195743	0.0743504
p	0.0449303	0.102983	0.638159	0.213928
ò	0.00243186	0.0104248	0.859039	0.128105
t	0.0113996	0.0351205	0.67767	0.27581
t	0.00423512	0.00677322	0.616039	0.372953
u	0.012587	0.0307284	0.329198	0.627487
</S>	0.0108876	0.0188717	0.339396	0.630845
