 	dei	genitori	</S>
à	0.956755	0.030128	0.0131171
t	0.83754	0.0772006	0.0852598
t	0.627588	0.114893	0.257519
u	0.579588	0.153909	0.266502
s	0.14761	0.484767	0.367623
g	0.0253695	0.462471	0.512159
e	0.0382977	0.274595	0.687108
n	0.0916483	0.296876	0.611476
i	0.0408037	0.546886	0.41231
t	0.089935	0.429389	0.480676
ò	0.0809738	0.326542	0.592484
r	0.0753451	0.410987	0.513668
u	0.0302573	0.338868	0.630874
</S>	0.104053	0.382072	0.513875
