 	vado	vestito	</S>
i	0.872	0.0628241	0.0651761
p	0.7707	0.0970076	0.132293
à	0.101092	0.596624	0.302284
o	0.826027	0.124116	0.0498571
n	0.213206	0.405038	0.381755
d	0.0702755	0.457137	0.472588
i	0.055437	0.583556	0.361007
m	0.0351677	0.454396	0.510437
è	0.0210173	0.464975	0.514008
n	0.0257655	0.494021	0.480213
o	0.0209375	0.26328	0.715783
</S>	0.0142105	0.357974	0.627815
