 	i	bambini	non	possono	mangiare	non	possono	mangiare	il	gelato	prima	di	mangiare	</S>
a	0.90254	0.0708805	0.00720183	0.00405446	0.0019116	0.00135939	0.00142579	0.00128911	0.00128194	0.00128449	0.00130081	0.00128691	0.00139151	0.00279197
p	0.461201	0.326138	0.0255637	0.010222	0.00650512	0.00498881	0.0027831	0.00907229	0.00827095	0.0133057	0.027785	0.0207884	0.0561912	0.0271841
e	0.148512	0.211134	0.159744	0.0561602	0.012142	0.0149068	0.00611849	0.0303239	0.0185673	0.034623	0.0133404	0.0159645	0.137197	0.141266
t	0.272512	0.47058	0.0290286	0.0114791	0.0236965	0.0122524	0.00645988	0.00951077	0.00823993	0.0101185	0.0200668	0.0143413	0.0714315	0.040283
ì	0.103031	0.186787	0.135762	0.0517477	0.0156267	0.0173059	0.00700774	0.032791	0.0214256	0.0378941	0.0157458	0.0188508	0.138414	0.217612
a	0.174497	0.585745	0.103662	0.0107074	0.0129683	0.0118394	0.0092257	0.0115021	0.00576752	0.0109127	0.0082804	0.00792763	0.0182791	0.0286866
e	0.118482	0.228042	0.175838	0.0551485	0.0371758	0.0358562	0.0160052	0.0395167	0.01905	0.0387835	0.0291757	0.0278989	0.0769769	0.102051
s	0.0725738	0.103351	0.244093	0.132392	0.0383946	0.0357085	0.0152501	0.0490109	0.0227708	0.0490581	0.0263966	0.0249523	0.0744161	0.111632
ò	0.0425207	0.0536659	0.157179	0.151086	0.0571941	0.0269809	0.0175638	0.0519832	0.0387392	0.0591463	0.0194621	0.0195959	0.0826011	0.222281
z	0.0821944	0.223272	0.283707	0.121143	0.0332606	0.0270018	0.0199218	0.0411044	0.0257405	0.0415159	0.012751	0.0119402	0.0260638	0.0503845
u	0.0174852	0.0264401	0.0945099	0.148881	0.195818	0.0805759	0.0986712	0.0584287	0.045714	0.0316471	0.0141275	0.0127515	0.0647551	0.110195
n	0.039505	0.060299	0.239531	0.16917	0.13179	0.0429543	0.0403749	0.0561335	0.0351986	0.053341	0.0161316	0.0153078	0.0362662	0.0639977
e	0.0144812	0.016766	0.141516	0.212524	0.188808	0.0627962	0.131979	0.0421875	0.0335099	0.0251875	0.0101587	0.0119892	0.0255866	0.0825095
f	0.0343391	0.0396961	0.113207	0.147411	0.230651	0.0504124	0.0761839	0.0580989	0.0374674	0.0531502	0.0158349	0.014765	0.0554168	0.0733656
à	0.00959689	0.0102088	0.0517089	0.0921251	0.252581	0.146477	0.142637	0.0587789	0.0493739	0.021423	0.0260749	0.0210176	0.0394017	0.0785953
i	0.0144135	0.0279515	0.0976495	0.0901337	0.346869	0.0693454	0.208636	0.0316078	0.0265449	0.021802	0.00944414	0.00617007	0.0106147	0.0388172
e	0.0142084	0.0162364	0.0364846	0.0710929	0.34246	0.158879	0.163877	0.0601976	0.0468054	0.0294925	0.0101338	0.00737846	0.0166838	0.0260695
s	0.0183958	0.0197143	0.0282413	0.0650503	0.228768	0.182203	0.160862	0.0852717	0.064737	0.038594	0.0157957	0.0105333	0.0304869	0.0513479
ò	0.00987971	0.0101464	0.0193504	0.0501134	0.159132	0.187088	0.134079	0.118203	0.110858	0.0269371	0.0174382	0.0164413	0.0302418	0.110092
z	0.00940095	0.0132128	0.0204619	0.0346484	0.197588	0.243174	0.139957	0.127215	0.0959912	0.0254781	0.014828	0.0115997	0.0123254	0.0541192
u	0.00396808	0.00424065	0.0330014	0.0579672	0.117067	0.135613	0.0719188	0.116434	0.139628	0.0394688	0.0139207	0.0481121	0.0845762	0.134083
n	0.0114703	0.0122684	0.013759	0.0229837	0.0636324	0.178214	0.0749325	0.241683	0.201946	0.0557353	0.0178642	0.0208467	0.0217361	0.0629286
f	0.00505131	0.00523844	0.0289136	0.0725349	0.0855872	0.0954405	0.0885228	0.099854	0.121903	0.0766891	0.029905	0.0687642	0.0514217	0.170174
à	0.00842756	0.00846415	0.00922839	0.0137789	0.0315141	0.112716	0.0952373	0.109768	0.155455	0.106563	0.0526209	0.0738636	0.060891	0.161472
i	0.00360764	0.00428192	0.00595622	0.0118586	0.0615887	0.185978	0.0691246	0.207459	0.213689	0.113527	0.0113529	0.042272	0.0156556	0.0536489
o	0.00527816	0.00540139	0.00646067	0.0116341	0.036037	0.143526	0.0739833	0.21898	0.254266	0.134095	0.0127018	0.0323142	0.0270337	0.0382898
g	0.00589486	0.0059776	0.00656132	0.0092968	0.027993	0.118135	0.0642715	0.200343	0.243964	0.129	0.0154389	0.0451697	0.0427174	0.0852366
e	0.00320298	0.00315452	0.0119643	0.0382976	0.0510386	0.0602968	0.0543854	0.0775242	0.0898625	0.0858921	0.056156	0.251544	0.0974813	0.1192
l	0.0102581	0.0103532	0.010452	0.0107615	0.0152838	0.0470292	0.0267719	0.108312	0.130435	0.180487	0.0333943	0.0964958	0.0868399	0.233127
à	0.00236899	0.00242799	0.0122693	0.0328487	0.0430029	0.0526257	0.041398	0.0783881	0.0938986	0.0938547	0.056618	0.265764	0.130002	0.0945327
o	0.0037617	0.00415467	0.00465445	0.00552337	0.0294561	0.105474	0.0348251	0.144791	0.183726	0.184436	0.027094	0.11898	0.071934	0.0811884
p	0.00420893	0.00421413	0.00443509	0.00517224	0.0150058	0.0453967	0.0220691	0.0902993	0.133847	0.205987	0.0597483	0.176868	0.133862	0.0988862
r	0.00202917	0.00211172	0.0079424	0.0251732	0.0498633	0.0708761	0.0366052	0.105694	0.115722	0.088341	0.0301175	0.182434	0.19644	0.0866497
ò	0.00322914	0.00343381	0.0035568	0.00350442	0.0112155	0.0329295	0.0112267	0.0709488	0.0872155	0.147922	0.0387113	0.168715	0.257937	0.159455
p	0.00133835	0.00159306	0.00179788	0.00179621	0.011148	0.0223414	0.0074198	0.0294646	0.0405637	0.067982	0.0441044	0.0767456	0.551669	0.142036
p	0.00150533	0.00158996	0.00464422	0.0162419	0.0378779	0.061684	0.0276313	0.0866085	0.0928037	0.0898436	0.0373423	0.157998	0.301923	0.0823061
i	0.00499104	0.00513513	0.00522615	0.00519038	0.0112677	0.0188359	0.00878378	0.0498352	0.0508282	0.143023	0.12978	0.230241	0.18975	0.147113
f	0.00205899	0.00167802	0.0017277	0.00175791	0.00321039	0.00483253	0.00218272	0.0106883	0.0107134	0.0341317	0.0823475	0.0685174	0.640502	0.135651
à	0.00194161	0.00180626	0.00251521	0.00505335	0.00859922	0.0295191	0.0244861	0.039959	0.0525988	0.0781111	0.146071	0.226285	0.261249	0.121804
i	0.000984373	0.000997152	0.00102556	0.00100462	0.00275178	0.00444486	0.0017919	0.0107446	0.0101656	0.0257767	0.0472569	0.0395244	0.764811	0.0887207
</S>	0.00334273	0.00224392	0.00235044	0.00278992	0.00370507	0.00517312	0.00444535	0.0123219	0.0131815	0.0360415	0.0949978	0.0662341	0.563427	0.189745
