 	lui	sapeva	che	oggi	stava	per	fare	freddo	o	freddo	e	non	poteva	fare	il	bagno	</S>
a39	0.0232907	0.044682	0.0520299	0.0568839	0.0583635	0.0659711	0.0671203	0.0616558	0.0700042	0.0668552	0.0678411	0.0674369	0.0646497	0.0601123	0.0583008	0.0575414	0.0572612
a31	0.0101304	0.0115019	0.0125487	0.0142633	0.014818	0.0235422	0.0343131	0.068668	0.139288	0.130383	0.129802	0.136318	0.133753	0.108719	0.0255272	0.00404331	0.00238146
a20	0.0134694	0.0159526	0.0193366	0.0256433	0.0284249	0.0511531	0.0708627	0.104271	0.136312	0.119262	0.11983	0.113081	0.0878351	0.0667253	0.0236689	0.00225998	0.00191169
a31	0.0303512	0.0384231	0.0472189	0.0576601	0.0602705	0.0764549	0.082438	0.0860624	0.0925552	0.0738125	0.0749475	0.0672732	0.0586383	0.0676742	0.0605376	0.016291	0.00939145
a21	0.022853	0.0293945	0.0381659	0.0509856	0.0555295	0.0807119	0.0928345	0.103837	0.115815	0.0898878	0.0911158	0.0800579	0.0540552	0.0491478	0.0359023	0.00561688	0.0040895
a31	0.0459978	0.0615783	0.0691364	0.0715666	0.0698547	0.0757555	0.0762718	0.0728918	0.0788233	0.0545201	0.0558959	0.0480623	0.0411486	0.0538828	0.0639564	0.0366963	0.0239615
a13	0.0412109	0.0547201	0.0671339	0.0771774	0.0794847	0.0903361	0.0928936	0.091286	0.099331	0.0652968	0.0666728	0.0552103	0.0308483	0.0308769	0.0389794	0.011221	0.00732087
a8	0.0447855	0.0624233	0.0709418	0.0736772	0.0719249	0.0783141	0.078817	0.0748311	0.0816322	0.0553097	0.0567811	0.0484795	0.0392516	0.050138	0.0611822	0.0311221	0.0203889
a24	0.0413429	0.0587168	0.06433	0.0636894	0.0598324	0.0665728	0.067305	0.0645527	0.0693434	0.0573603	0.0584888	0.0539546	0.0498878	0.0568205	0.0593018	0.0557658	0.0527351
a8	0.0510419	0.0607129	0.0652231	0.0672414	0.0668911	0.0700336	0.0703929	0.0686996	0.071807	0.057762	0.0586985	0.0528489	0.0477462	0.0560426	0.0618002	0.0405441	0.0325137
a31	0.0367701	0.0586882	0.0669684	0.0658888	0.0603605	0.0696734	0.0705149	0.0658352	0.073596	0.0521285	0.0537542	0.047108	0.0429197	0.0548283	0.0604265	0.0593277	0.0612113
a29	0.0564112	0.0665038	0.070834	0.0726501	0.0726829	0.074851	0.0749428	0.0731802	0.0760408	0.0631397	0.063978	0.0579443	0.0461603	0.0444504	0.045669	0.0221686	0.0183929
a31	0.047187	0.0627626	0.06865	0.0696838	0.0679361	0.0721906	0.0723296	0.0689773	0.0740428	0.0543026	0.0555754	0.0486443	0.0433875	0.0538395	0.061954	0.0426389	0.035898
a37	0.0551952	0.0692543	0.0754813	0.0775201	0.0771731	0.0799141	0.0797636	0.0765933	0.0812749	0.0599714	0.0611704	0.0530117	0.0390879	0.0382981	0.0406459	0.0192035	0.0164412
a8	0.0456354	0.0632748	0.0695827	0.0701205	0.0672469	0.0734066	0.0739911	0.0709599	0.0760866	0.0600142	0.0612653	0.0550963	0.0482881	0.0540736	0.0545198	0.0313407	0.0250976
a31	0.0306458	0.0552787	0.0654274	0.0626607	0.054443	0.0683046	0.0701644	0.064711	0.0748039	0.0572553	0.0591749	0.0540094	0.0485142	0.0553633	0.0551441	0.0595921	0.0645071
a1	0.0521139	0.0661294	0.0712726	0.0730723	0.0726438	0.0760357	0.0763002	0.0740988	0.0777056	0.0661606	0.0670453	0.0615341	0.0483686	0.0407574	0.0389097	0.0199388	0.0179132
a31	0.0317225	0.0562338	0.0658489	0.0635888	0.0560907	0.0689323	0.0705987	0.0654581	0.0747942	0.0582882	0.0601061	0.0550535	0.0497398	0.0562855	0.0559089	0.0553331	0.0560169
a17	0.0501819	0.0670033	0.0733636	0.0753179	0.0744856	0.0788334	0.0791372	0.0762895	0.0809147	0.0661274	0.0672161	0.0606044	0.0451904	0.0362204	0.0344589	0.0181204	0.0165348
a31	0.0308771	0.0570184	0.0680354	0.065328	0.0567317	0.071544	0.0735378	0.0675867	0.0785701	0.0594955	0.0615595	0.0559465	0.0492784	0.0555051	0.0544098	0.0484018	0.0461743
a17	0.0469685	0.066125	0.0732116	0.0752508	0.0740713	0.0794803	0.0799525	0.0767479	0.0820443	0.0678274	0.0689802	0.0626052	0.0460769	0.0343633	0.0322375	0.0175831	0.0164741
a31	0.0284831	0.0560346	0.0686269	0.0653302	0.0555172	0.0727465	0.0752364	0.0682537	0.081405	0.060991	0.063355	0.0577546	0.0499928	0.0549188	0.0523395	0.0455113	0.0435033
a20	0.0436298	0.0650838	0.0730205	0.0752489	0.0738191	0.0802506	0.0808637	0.0771094	0.0833042	0.0688602	0.0701282	0.0637703	0.0464431	0.033203	0.0312559	0.0173511	0.0166582
a31	0.0326228	0.0596137	0.0702236	0.0690273	0.0619946	0.0754814	0.0772661	0.0717352	0.0817228	0.0657056	0.0676072	0.0624586	0.0532992	0.0525154	0.0461594	0.028001	0.024566
a20	0.03877	0.0642656	0.0741393	0.0767479	0.0747562	0.0831163	0.0838929	0.0787803	0.0870741	0.0688787	0.0704693	0.0630355	0.0436899	0.0303115	0.0295447	0.0164665	0.0160613
a28	0.0303583	0.0586425	0.0702889	0.069102	0.0615315	0.0765514	0.0786401	0.0724843	0.0837288	0.0678339	0.0698972	0.0650403	0.0545435	0.0506917	0.0424951	0.0254957	0.0226746
a13	0.0322117	0.0578642	0.0674004	0.0676339	0.0629284	0.0733725	0.074548	0.0689709	0.0780701	0.0617107	0.0635158	0.0579286	0.0511353	0.0550001	0.0556894	0.0382572	0.033763
a39	0.0301611	0.0552373	0.0645195	0.065115	0.0610451	0.0707759	0.0718025	0.0659952	0.0751436	0.0586688	0.0604734	0.0549062	0.0496183	0.056195	0.059847	0.0511948	0.0493013
a20	0.0315447	0.0547996	0.062863	0.0626336	0.0582018	0.0674226	0.0684867	0.0637519	0.0714588	0.0591308	0.0606775	0.0565282	0.0524295	0.0577363	0.0588699	0.0565629	0.0569022
a37	0.037027	0.0572837	0.0639589	0.0649581	0.0626697	0.0689899	0.0696072	0.0657084	0.0717661	0.0589781	0.0602814	0.0553757	0.0506034	0.0562063	0.060505	0.0497344	0.0463468
a23	0.0360692	0.0589842	0.0677392	0.0694655	0.0670511	0.0741997	0.0746381	0.0691451	0.0774133	0.0544919	0.0561646	0.0487771	0.0426544	0.0525947	0.0627923	0.0460117	0.041808
a37	0.0241144	0.0512384	0.064572	0.0609416	0.0507159	0.0690868	0.071894	0.06404	0.0788594	0.0583577	0.0609368	0.055825	0.0490485	0.0546539	0.0525923	0.061363	0.0717604
a31	0.0405835	0.0581809	0.0635357	0.064003	0.0617599	0.0670986	0.0676357	0.0646806	0.0693528	0.0595874	0.0606337	0.0567187	0.0526763	0.0567553	0.0595023	0.0500887	0.0472069
a28	0.0366135	0.0590356	0.0673947	0.0709671	0.0711251	0.0766656	0.0769696	0.0714913	0.0794256	0.0598846	0.0614417	0.0541576	0.0447339	0.0478088	0.0578874	0.0332192	0.0311786
a31	0.0313627	0.056654	0.0661821	0.0665662	0.0620744	0.0721363	0.0731771	0.0673943	0.0766391	0.0580255	0.0598638	0.0536904	0.0481985	0.055769	0.0596125	0.0477039	0.0449502
a8	0.0342478	0.0606574	0.0707579	0.0742025	0.0731997	0.0813199	0.0820052	0.0757064	0.085242	0.0666307	0.0683929	0.0611324	0.0461277	0.0389045	0.0404793	0.0201662	0.0208274
a31	0.0188385	0.0430297	0.0629772	0.05508	0.0406207	0.0700314	0.0771256	0.0622704	0.0965211	0.0627379	0.0676872	0.0635584	0.0498493	0.0492306	0.0422961	0.0569534	0.0811924
a28	0.0225353	0.0537471	0.0679739	0.0719849	0.0689364	0.0842586	0.0861512	0.0761618	0.0921089	0.0748439	0.0774447	0.0715321	0.050997	0.0322609	0.0309428	0.0177317	0.020389
a24	0.0175536	0.0487327	0.0693987	0.0653232	0.0518367	0.079891	0.0847498	0.069981	0.0980281	0.0630776	0.0674231	0.0600567	0.0482939	0.0511204	0.0464709	0.0371324	0.04093
a31	0.0223103	0.0552316	0.0729804	0.071981	0.0618981	0.0832438	0.0859925	0.0742884	0.094516	0.0596455	0.0628779	0.0541897	0.0437792	0.0491927	0.0488794	0.0297602	0.0292333
a20	0.0154227	0.0487336	0.0681628	0.0723948	0.0662971	0.0907102	0.0940627	0.078515	0.1044	0.0761967	0.0801856	0.0719015	0.0458447	0.0265344	0.0252493	0.0153968	0.0199925
a35	0.0161786	0.0447145	0.0674207	0.0610135	0.0458395	0.0788267	0.0861384	0.068575	0.105977	0.0706028	0.0762128	0.0715332	0.0548047	0.0483611	0.0369872	0.0298854	0.0369284
a31	0.0129858	0.037305	0.0602862	0.0535142	0.0390994	0.072935	0.0815768	0.0607901	0.107576	0.0635963	0.0701667	0.0652403	0.0496768	0.048695	0.041824	0.0534332	0.081299
a23	0.00946444	0.0381624	0.0601519	0.0663107	0.0599481	0.0932468	0.0984783	0.0745125	0.115089	0.0797844	0.0859517	0.0776803	0.0488323	0.0271402	0.0260537	0.0159389	0.0232541
a31	0.015192	0.0334678	0.0542988	0.0469637	0.0357387	0.0670024	0.0793215	0.0541831	0.135326	0.0584853	0.0667911	0.0620434	0.0441202	0.043576	0.0384007	0.0509031	0.114187
a8	0.00764533	0.0333342	0.0560973	0.0630602	0.0564783	0.0952437	0.101744	0.0719373	0.12341	0.0818509	0.0897575	0.0813641	0.0494222	0.0252049	0.0240325	0.0151663	0.0242511
a31	0.01566	0.0337187	0.0541632	0.04772	0.0375054	0.0679652	0.0806649	0.0542213	0.146838	0.05725	0.0657807	0.0601609	0.0427941	0.0436823	0.039503	0.0462126	0.10616
a23	0.00537105	0.0262086	0.0492316	0.0569622	0.0500393	0.0987699	0.108241	0.0681361	0.141891	0.0850431	0.096189	0.0869173	0.0476097	0.0208663	0.0197253	0.0132262	0.0255721
a31	0.0140404	0.030552	0.0493301	0.0454979	0.037514	0.0660598	0.0782237	0.0503349	0.155025	0.0560955	0.065077	0.0600461	0.0442564	0.0449856	0.0414145	0.0454086	0.116139
a37	0.00438354	0.0218038	0.0438904	0.0518363	0.0450242	0.100682	0.112753	0.0638968	0.159478	0.0850019	0.099188	0.088775	0.0458699	0.019228	0.0181698	0.0122777	0.027742
a24	0.00718088	0.0259138	0.053171	0.0511698	0.0382219	0.0897803	0.106131	0.0602258	0.174273	0.0700279	0.083652	0.074073	0.0449639	0.0325544	0.0259059	0.019378	0.0433764
a28	0.00669321	0.0272672	0.0554189	0.0549376	0.0410717	0.0939445	0.107805	0.0635332	0.159877	0.069659	0.0820344	0.0713017	0.0448218	0.0347837	0.0288474	0.020004	0.0379992
a31	0.0052126	0.0193116	0.0419707	0.0427858	0.0325305	0.0865214	0.103986	0.0510985	0.185369	0.0650606	0.0811291	0.0712567	0.0452364	0.0377979	0.0344739	0.0277301	0.0685289
a17	0.00259661	0.0118275	0.0281983	0.0350558	0.0312353	0.100502	0.123361	0.0516776	0.2378	0.0846217	0.107507	0.0925437	0.033576	0.0108763	0.0103594	0.00751418	0.0307485
a31	0.0089402	0.0213078	0.0399893	0.0395296	0.0323225	0.0720589	0.0880292	0.0441787	0.195347	0.0578391	0.0722279	0.0658798	0.0463495	0.0430848	0.038484	0.0336623	0.10077
a24	0.00248427	0.00964995	0.0225077	0.0282532	0.0260635	0.0938771	0.119915	0.0444047	0.283247	0.0808779	0.107255	0.0918954	0.0303063	0.00921259	0.00883242	0.00627895	0.0349388
a37	0.00541016	0.0184666	0.0409571	0.0427037	0.0334053	0.0933153	0.114983	0.0516207	0.235145	0.0655667	0.0845618	0.072088	0.0385237	0.0244431	0.0201889	0.0133688	0.0452527
a39	0.00444984	0.0144244	0.0314871	0.0349247	0.0296219	0.0852044	0.10776	0.0448976	0.254538	0.0666466	0.0875445	0.0771455	0.0413378	0.0247157	0.0218715	0.0144009	0.0590294
a31	0.0070956	0.0156677	0.0289208	0.0299055	0.0251038	0.0642138	0.0809181	0.0343431	0.219959	0.0510248	0.0679435	0.0624574	0.044586	0.0413909	0.0373565	0.0356274	0.153487
a17	0.00241108	0.00813876	0.0184296	0.0231789	0.0224358	0.0865797	0.114695	0.0390774	0.327952	0.0766254	0.103963	0.0872975	0.0267463	0.00844007	0.00844702	0.00558343	0.039999
a20	0.00827233	0.0175675	0.0311938	0.0332085	0.0291196	0.0686327	0.085066	0.0371225	0.235811	0.0515764	0.0680735	0.060854	0.0435441	0.0406521	0.0383408	0.0296021	0.121363
a41	0.00403134	0.0121278	0.02533	0.0275883	0.0228337	0.0705896	0.0904044	0.0358155	0.231438	0.0577888	0.0779639	0.0712934	0.045557	0.0358123	0.0324736	0.0301766	0.128776
a31	0.00326853	0.0108352	0.0237226	0.0269877	0.022949	0.0737156	0.0944188	0.0362772	0.23843	0.0545649	0.0739655	0.0637981	0.0392571	0.0349381	0.0346953	0.0316053	0.136571
a8	0.00225875	0.00679026	0.0149487	0.0186825	0.0189671	0.0790652	0.108569	0.033792	0.359634	0.0759254	0.103922	0.0850763	0.0242005	0.00814408	0.00888767	0.00528731	0.0458496
a31	0.0118132	0.021153	0.033753	0.0359546	0.032646	0.0630949	0.0741003	0.0372889	0.179788	0.0500535	0.062644	0.0577276	0.0477105	0.0502786	0.0480918	0.0431802	0.150722
</S>	0.00251704	0.00691857	0.014629	0.0179644	0.0184908	0.074067	0.102732	0.0329864	0.389357	0.0747578	0.102059	0.0850299	0.0212552	0.00593455	0.00611998	0.00407084	0.0411103
