 	quando	io	divento	vecchia	vendo	la	casa	vendo	la	casa	a	Trieste	vengo	e	abito	a	Martano	</S>
a23	0.030888	0.0393378	0.0604329	0.058046	0.0604488	0.0620975	0.0623387	0.0624098	0.0627054	0.0624772	0.0625526	0.059007	0.0584799	0.0593971	0.0546035	0.0600775	0.0475063	0.0371939
a31	0.0251185	0.0306092	0.0394097	0.0272291	0.0359208	0.0556073	0.0564436	0.0446392	0.0660349	0.0634224	0.082201	0.081364	0.0545391	0.065638	0.0398924	0.0973045	0.100931	0.0336955
a5	0.0372505	0.0469608	0.0636432	0.0471168	0.0612354	0.092421	0.0931858	0.0718181	0.0945346	0.0707807	0.0765119	0.0525151	0.0182407	0.0224675	0.00864806	0.0930417	0.0396563	0.0099721
a7	0.0379816	0.0488814	0.0650741	0.051369	0.0641056	0.0796771	0.0798453	0.0706565	0.0794753	0.0707425	0.0732405	0.0636361	0.0324312	0.0360802	0.015274	0.0741243	0.0374424	0.0199627
a37	0.0450332	0.052992	0.0654453	0.0591887	0.0657215	0.0718256	0.0716973	0.0677008	0.0692379	0.0635903	0.0651615	0.062239	0.0431412	0.0465489	0.0197115	0.0636261	0.0351749	0.0319642
a7	0.0474006	0.0538912	0.0658953	0.06289	0.0664149	0.0693424	0.0691242	0.0667731	0.065849	0.0607075	0.0619627	0.0606673	0.0466838	0.0500039	0.020932	0.0599045	0.0334036	0.0381543
a20	0.0459356	0.0524531	0.06483	0.0621303	0.0658263	0.0688234	0.0685678	0.0659838	0.0650588	0.0598236	0.0614827	0.0612616	0.0488297	0.0523001	0.0214532	0.0593226	0.0336078	0.0423094
a31	0.0463749	0.0523556	0.0636587	0.0606845	0.0638775	0.0665265	0.0663688	0.0644365	0.0638755	0.0598185	0.0612142	0.0606999	0.0504538	0.0533907	0.0253585	0.0595207	0.0374062	0.0439789
a17	0.0512508	0.0587093	0.0740801	0.0746341	0.076874	0.078235	0.0776457	0.0745583	0.0696528	0.0597861	0.0599665	0.0568818	0.0348923	0.0390234	0.0102461	0.0568525	0.0199395	0.0267715
a29	0.0512105	0.0552753	0.062506	0.0571677	0.0594674	0.062109	0.0620735	0.0611946	0.0610564	0.0586891	0.0599573	0.0584499	0.0524112	0.05499	0.0329892	0.0590601	0.0432284	0.0481645
a39	0.049414	0.0535549	0.0616835	0.0603224	0.0618915	0.0631263	0.0629895	0.0619156	0.0609704	0.0580149	0.0590677	0.0592426	0.0534776	0.0557122	0.0298747	0.0577333	0.0400288	0.0509801
a31	0.049801	0.0534722	0.0609365	0.0576412	0.0594022	0.0611728	0.0611098	0.0603382	0.0598827	0.0576689	0.0588539	0.0585256	0.0544945	0.0566497	0.0345944	0.0579237	0.0440836	0.053449
a3	0.0513829	0.0571487	0.0676833	0.0678489	0.0690177	0.0696948	0.0694588	0.0681062	0.0656506	0.060391	0.0604695	0.0584552	0.0440774	0.0468869	0.0193641	0.0587381	0.0302483	0.0353776
a29	0.047887	0.052859	0.0627963	0.0602032	0.0621989	0.0639276	0.0638294	0.0627834	0.061959	0.0589134	0.059965	0.0593531	0.0521578	0.0546001	0.0298648	0.0587143	0.0403508	0.0476369
a20	0.0462487	0.0514657	0.0628088	0.0614957	0.0631315	0.0643395	0.0641738	0.0630591	0.0616082	0.0580617	0.0593242	0.0596675	0.0534389	0.0560825	0.0281067	0.0576596	0.0380837	0.0512443
a31	0.0471836	0.0519887	0.0616438	0.0591363	0.0610311	0.0626532	0.0625839	0.0616915	0.061075	0.0585336	0.0595855	0.0592346	0.0537069	0.0558863	0.0325813	0.0584682	0.0425451	0.0504714
a13	0.0487056	0.0552283	0.0678103	0.0680211	0.069214	0.0698464	0.0696256	0.0683629	0.0657954	0.0605359	0.0606659	0.0587058	0.0447722	0.0475696	0.0201483	0.0589088	0.0305289	0.0355548
a29	0.0492746	0.053162	0.0609667	0.0565667	0.0584755	0.0605397	0.0605439	0.0600087	0.059872	0.058154	0.0592093	0.0581249	0.0541995	0.0562638	0.0377199	0.0585558	0.0463599	0.0520032
a41	0.0456724	0.0506452	0.0617514	0.0598144	0.0614552	0.0627426	0.0626457	0.0618247	0.0607568	0.0579472	0.059147	0.05933	0.0548305	0.0571573	0.031781	0.0577952	0.0411384	0.0535652
a10	0.0463059	0.0514423	0.0626686	0.0600841	0.0620003	0.0636669	0.0635349	0.0624802	0.061312	0.0579973	0.0594084	0.0594866	0.053776	0.0565091	0.0294928	0.057933	0.0395534	0.052348
a24	0.044146	0.049863	0.0631159	0.0615554	0.0633938	0.064738	0.0645565	0.0633654	0.0616963	0.0578246	0.0593307	0.0599489	0.053928	0.0568542	0.0276863	0.0575297	0.0374964	0.0529708
a31	0.0449666	0.0507503	0.0628837	0.0603096	0.0629003	0.0649679	0.0648352	0.0633915	0.0625227	0.0589089	0.0602913	0.0602263	0.0523125	0.0550283	0.0285368	0.0588909	0.0397283	0.0485488
a13	0.0435681	0.0509106	0.0660692	0.066082	0.0674819	0.0681687	0.0680371	0.0670687	0.0650064	0.0607522	0.061105	0.059726	0.0485611	0.0511185	0.0241333	0.0592902	0.0337799	0.0391412
a8	0.0483908	0.0524268	0.0608135	0.054917	0.0571143	0.0596629	0.0597172	0.0593193	0.0594747	0.0580888	0.0593035	0.0578117	0.0546421	0.056835	0.0404525	0.0588679	0.0485488	0.0536132
a31	0.0502053	0.0557751	0.0648197	0.0500419	0.0536546	0.0594418	0.0595696	0.0589848	0.0600586	0.0581853	0.0610624	0.0569941	0.0531544	0.0575922	0.0368864	0.0609365	0.0474506	0.0551865
a13	0.0418992	0.0491627	0.0641334	0.063134	0.0647328	0.0656663	0.0656859	0.0652076	0.0641763	0.0616184	0.0616474	0.059509	0.0509741	0.0528023	0.0325367	0.0600223	0.0389567	0.0381351
a46	0.0460217	0.0512162	0.0629126	0.05486	0.0577858	0.0612867	0.06132	0.0606542	0.0605886	0.0582631	0.060196	0.0585523	0.0545313	0.0577883	0.0348625	0.0594075	0.0447067	0.0550464
a24	0.0500149	0.0550263	0.0637188	0.0518611	0.0550451	0.0598212	0.0599019	0.059306	0.0599467	0.0580103	0.0604136	0.0573709	0.053643	0.0574823	0.0365494	0.0600723	0.0466859	0.0551304
a31	0.046937	0.0514972	0.0615376	0.0592192	0.061001	0.062498	0.0623936	0.0614698	0.0605419	0.0577111	0.0589918	0.0592054	0.0545578	0.0569157	0.0319895	0.0577929	0.0417151	0.0540254
a24	0.0421565	0.0497632	0.0662573	0.0656015	0.0673205	0.0682811	0.0681781	0.0672373	0.0652695	0.0610432	0.0614677	0.0598869	0.0487393	0.0513625	0.0247973	0.0596754	0.034259	0.0387038
a31	0.0469575	0.0527271	0.0634568	0.0568786	0.0604948	0.064162	0.0641779	0.0628458	0.0632134	0.0603329	0.0615684	0.0593008	0.0495702	0.0522812	0.0324302	0.0613314	0.044606	0.0436649
a13	0.0431404	0.0523718	0.0723341	0.0707263	0.0729439	0.0743357	0.074254	0.0731465	0.0701666	0.0637526	0.0626893	0.0569851	0.039742	0.0423134	0.0195758	0.0610444	0.0271604	0.0233176
a31	0.0490408	0.0554416	0.0663037	0.0487785	0.0530046	0.0597363	0.0599756	0.0595393	0.061267	0.0597618	0.0626389	0.0566949	0.0509505	0.0555466	0.0394546	0.0630019	0.0498953	0.0489683
a37	0.0383062	0.0487472	0.0756141	0.069222	0.0734587	0.0768774	0.0769544	0.0758135	0.0731057	0.06604	0.0650641	0.0566703	0.0385655	0.0416775	0.0189934	0.0624581	0.0243522	0.0180797
a31	0.0483247	0.0566538	0.0722104	0.0521868	0.0573159	0.0652246	0.0654439	0.0645583	0.0657267	0.0621427	0.064972	0.0570322	0.0446452	0.0498188	0.0291831	0.0653463	0.0420313	0.0371831
a20	0.0301295	0.0418342	0.0791379	0.0673621	0.0741315	0.080077	0.0803904	0.0792281	0.0767883	0.0688073	0.068211	0.0569414	0.0375149	0.041437	0.0174348	0.0644432	0.0217128	0.0144186
a31	0.0437435	0.0548153	0.0775115	0.0453418	0.0520589	0.0637224	0.0642638	0.0636426	0.0671429	0.0643334	0.0692483	0.0559174	0.0432795	0.0501583	0.033168	0.0707093	0.0466177	0.0343255
a20	0.021016	0.0321384	0.081499	0.063471	0.0739355	0.0831492	0.0839171	0.0829314	0.0811663	0.0724814	0.0726486	0.0579834	0.0373385	0.0423162	0.0162877	0.0668634	0.0193484	0.0115084
a31	0.0350098	0.0482788	0.0848611	0.0422572	0.050829	0.0657018	0.0665787	0.0660075	0.0710734	0.067705	0.0747928	0.0560449	0.0413033	0.0497472	0.0307372	0.0764346	0.0442391	0.0283985
a20	0.013441	0.0226627	0.0832576	0.0566397	0.0720172	0.0862591	0.0878705	0.0873489	0.0869671	0.0773799	0.0789195	0.058539	0.0362798	0.0427612	0.0147482	0.0699779	0.0165873	0.00834347
</S>	0.0240593	0.0375732	0.0926745	0.0380245	0.0491767	0.0677145	0.0692078	0.0689375	0.0762488	0.0723853	0.0828082	0.0564872	0.039839	0.0501137	0.0283968	0.0839545	0.040601	0.0217974
