 	viene	fabbricato	</S>
a31	0.0273185	0.349456	0.623225
a24	0.020208	0.717726	0.262066
a31	0.0406232	0.468225	0.491152
a18	0.0192947	0.383447	0.597258
a31	0.0195731	0.443912	0.536515
a37	0.00735478	0.260637	0.732008
a31	0.00655073	0.305122	0.688328
a20	0.00165752	0.1324	0.865942
a41	0.000349271	0.0908464	0.908804
a31	0.000136635	0.0368525	0.963011
a35	0.000267182	0.0432622	0.956471
</S>	0.000441901	0.0323812	0.967177
