 	ora	io	sto	studiando	di	di	imparare	di	diventare	maestra	</S>
a33	0.0542348	0.0471788	0.0556027	0.0981956	0.114544	0.119494	0.116235	0.112402	0.113254	0.083236	0.0856246
a31	0.0242209	0.0512737	0.0294897	0.0316894	0.0981116	0.152067	0.139998	0.184207	0.163083	0.100552	0.0253084
a7	0.0373941	0.0677308	0.0423382	0.0481749	0.161622	0.241435	0.144456	0.136028	0.0880399	0.0225555	0.0102258
a0	0.0547601	0.0726641	0.0519947	0.0855289	0.163472	0.171956	0.149968	0.116723	0.0834653	0.030092	0.0193752
a31	0.0696989	0.0701014	0.0560213	0.0986713	0.12556	0.127564	0.12389	0.115045	0.101531	0.0565194	0.0553981
a37	0.0698816	0.0788614	0.0572963	0.108878	0.176738	0.176039	0.138002	0.0911753	0.0639903	0.0199078	0.0192316
a8	0.0630279	0.0697918	0.0513095	0.101623	0.153507	0.157147	0.141456	0.112445	0.086022	0.0359516	0.02772
a37	0.0617127	0.0679597	0.0445936	0.0995629	0.115345	0.12039	0.119609	0.114596	0.107034	0.0634802	0.085718
a31	0.0724932	0.0700292	0.0594437	0.0978022	0.120668	0.121824	0.118412	0.110252	0.0988137	0.059806	0.0704565
a17	0.0709266	0.0675527	0.0532482	0.113813	0.171237	0.168253	0.139991	0.0959324	0.0673211	0.0229363	0.0287882
a37	0.0653364	0.0703393	0.0486357	0.102118	0.121373	0.125603	0.122823	0.113948	0.10274	0.0606564	0.0664277
a31	0.073419	0.0698721	0.0582602	0.101478	0.122281	0.12337	0.119362	0.109311	0.0968985	0.0581291	0.067619
a14	0.0773636	0.0723239	0.0583571	0.118486	0.164595	0.161879	0.133345	0.0912758	0.0663396	0.0258941	0.0301401
a3	0.0693281	0.0775225	0.0585431	0.101787	0.135489	0.139418	0.128993	0.108318	0.0896937	0.0531382	0.03777
a11	0.0662144	0.0609167	0.0494869	0.102943	0.130317	0.131543	0.126531	0.113621	0.0976714	0.0513554	0.0694014
a35	0.0693747	0.0657991	0.054702	0.100067	0.120303	0.121993	0.119188	0.111645	0.101025	0.0616478	0.0742564
a8	0.0674681	0.0652191	0.0508524	0.0996543	0.11554	0.117746	0.11624	0.110945	0.10273	0.063799	0.0898062
a23	0.0632789	0.0687681	0.0464948	0.0979864	0.109213	0.113721	0.113728	0.110653	0.105693	0.0688374	0.101626
a31	0.0650537	0.0723081	0.0490557	0.0972569	0.105871	0.11037	0.110718	0.108514	0.105002	0.0728009	0.10305
a11	0.0771531	0.0673604	0.062095	0.104389	0.122109	0.122106	0.117325	0.105456	0.0930497	0.056905	0.0720513
a10	0.0668176	0.0630827	0.0506881	0.0994816	0.118776	0.120642	0.118409	0.111611	0.101471	0.0618456	0.0871755
a31	0.0639852	0.0560119	0.0477751	0.0997311	0.128385	0.128805	0.124505	0.113044	0.0975081	0.0518883	0.0883606
a10	0.0796557	0.0700343	0.0618272	0.11316	0.137786	0.137078	0.124658	0.09944	0.0801905	0.0443957	0.051776
a35	0.0663735	0.0628081	0.0493763	0.103327	0.123612	0.125854	0.122083	0.11129	0.0985055	0.0585521	0.0782198
a20	0.0564836	0.0589812	0.0390058	0.0993397	0.118041	0.123159	0.122177	0.116029	0.106728	0.0597503	0.100305
a31	0.0689773	0.0679948	0.0534354	0.0999355	0.112103	0.114614	0.113338	0.108395	0.101679	0.0688737	0.0906538
a20	0.0757467	0.0656654	0.0584451	0.114192	0.139728	0.139628	0.126898	0.100892	0.0816902	0.0442893	0.0528253
a31	0.0628144	0.0705511	0.04728	0.103164	0.116813	0.122616	0.120387	0.11152	0.102339	0.0675421	0.0749732
a35	0.0770834	0.0684868	0.0588162	0.124259	0.154197	0.1539	0.128057	0.0893162	0.0698323	0.0350514	0.0410007
a14	0.0404713	0.0568814	0.0281106	0.0965993	0.11284	0.133805	0.136718	0.128205	0.120516	0.0566168	0.0892371
a37	0.0507708	0.0528742	0.0354851	0.101264	0.118741	0.125673	0.124939	0.118565	0.110438	0.0632003	0.0980484
a19	0.0463199	0.0454361	0.0307916	0.100874	0.133235	0.139489	0.135921	0.122872	0.106268	0.0489803	0.0898125
a28	0.046617	0.0415488	0.0326522	0.0990438	0.137012	0.140969	0.136462	0.123017	0.104741	0.0494395	0.0884976
a21	0.0524795	0.0482238	0.0364879	0.10207	0.131133	0.134995	0.131336	0.119531	0.104152	0.0522706	0.0873213
a11	0.0466044	0.0539266	0.0313563	0.0987317	0.115917	0.125961	0.126703	0.121628	0.1145	0.0610758	0.103595
a37	0.0541259	0.0543438	0.0387104	0.100192	0.116223	0.121597	0.121124	0.116358	0.109417	0.0654852	0.102424
a29	0.0486562	0.0469922	0.0328138	0.100355	0.129884	0.135255	0.132378	0.121409	0.106573	0.0514312	0.0942526
a18	0.0461114	0.0434063	0.0312459	0.101092	0.128406	0.134502	0.132258	0.122493	0.109407	0.0538469	0.097232
a31	0.0452998	0.0468381	0.0303596	0.100587	0.12313	0.131361	0.130571	0.123055	0.112756	0.0574535	0.098589
a20	0.0532	0.0427259	0.0412949	0.112363	0.141131	0.145389	0.136644	0.11491	0.0979395	0.0492667	0.0651351
a31	0.0361593	0.0444992	0.0247598	0.0992924	0.119995	0.137144	0.138384	0.129788	0.121114	0.0581441	0.0907203
a39	0.0373742	0.0324141	0.0268849	0.120476	0.170968	0.183116	0.156715	0.10981	0.0866822	0.0297172	0.0458424
a31	0.023052	0.028691	0.0172738	0.0779325	0.101531	0.150227	0.166141	0.15399	0.147294	0.0421871	0.091679
</S>	0.0186482	0.019399	0.0131648	0.101993	0.177787	0.215937	0.182456	0.11976	0.093623	0.0173524	0.0398793
