 	quando	Giovanni	venne	a	casa	la	sera	andava	molto	stanco	perché	aveva	lavorato	tutta	la	settimana	</S>
a8	0.00029622664	0.000132383	0.0012915052	0.0013017117	0.0037312612	0.0016904848	0.01168335	0.067647874	0.02690549	0.028716886	0.7588195	0.022912791	0.004611792	0.03308889	0.0021855521	0.0046714614	0.03031286
a39	0.078526594	0.2942492	0.049605045	0.008927175	0.014848043	0.032542087	0.014044258	0.22375737	0.04938452	0.061572786	0.020460248	0.02522497	0.041327056	0.035365626	0.037008394	0.0069314386	0.0062251757
a31	0.0006221162	0.0019549804	0.009229915	0.002653188	0.0051850686	0.004758826	0.10201295	0.7712906	0.03437122	0.009981631	0.027876902	0.0010780193	0.0012124103	0.022533653	0.003669114	0.0002094139	0.0013599903
a20	0.00092322525	0.009073344	0.011997746	0.004717467	0.003749997	0.011858998	0.12511732	0.6146661	0.122108646	0.01903191	0.008212209	0.007595681	0.020214008	0.036869522	0.0032259608	0.00031639708	0.00032136246
a24	0.003228489	0.012515967	0.017315757	0.00997194	0.006711452	0.03830788	0.27700296	0.42033374	0.10521892	0.013161706	0.011284751	0.003824041	0.011451359	0.067944415	0.0013736265	1.7044804e-05	0.00033591487
a8	0.001572616	0.011625458	0.028321361	0.023230804	0.002392674	0.04294188	0.24171941	0.0893754	0.26003882	0.028828548	0.017005973	0.029274436	0.031732883	0.17495315	0.011895679	0.00040833312	0.004682547
a24	0.0023093824	0.007731941	0.017383616	0.009353802	0.003341447	0.012599454	0.3180138	0.09027998	0.115202114	0.022326265	0.011197545	0.010655902	0.020377265	0.35251445	0.004204573	0.000289534	0.0022189107
a31	0.0087995585	0.041370906	0.056628387	0.04663582	0.014902576	0.08027405	0.114220895	0.039717924	0.20986691	0.06156668	0.047773458	0.055637203	0.0710504	0.08917787	0.04721049	0.008642636	0.006524252
a20	0.009557091	0.14012575	0.13921148	0.14983061	0.05088084	0.2167249	0.067402944	0.03715499	0.15081549	0.021379743	0.007914149	0.0020107895	0.002798075	0.0037571688	0.0001705657	0.00022918767	3.616243e-05
a31	0.008650164	0.078989655	0.08778566	0.05814187	0.0128886085	0.10190329	0.09758572	0.050337754	0.3173656	0.08043045	0.034697775	0.024288272	0.0091618365	0.026359847	0.0065018972	0.0037594582	0.0011521536
a8	0.010625802	0.1255278	0.08529953	0.12062593	0.06649993	0.22015442	0.07422595	0.030676952	0.19825852	0.036290664	0.015871644	0.0033696587	0.0031748828	0.008718635	0.0003014834	0.00030271013	7.5483214e-05
a31	0.0046024364	0.07580833	0.08168531	0.031043096	0.0044990852	0.06133475	0.1265342	0.233887	0.2976276	0.024531808	0.004583418	0.004383311	0.016182495	0.025768071	0.005811963	0.000596927	0.0011201651
a20	0.03892188	0.08418945	0.033110414	0.03948199	0.07536883	0.139462	0.034994584	0.033302892	0.18600282	0.16536082	0.05767387	0.042374477	0.008108116	0.038453758	0.0075768917	0.013058575	0.002558661
a31	0.068228036	0.20232598	0.055946715	0.042631075	0.06626979	0.11341064	0.021132309	0.051685635	0.18711738	0.1276855	0.026470892	0.007816547	0.0038317945	0.0118006645	0.0055392636	0.0047154264	0.0033923804
a9	0.03846655	0.097392745	0.030204378	0.03665117	0.083942905	0.1565197	0.028736958	0.03539753	0.17116058	0.15808886	0.060123935	0.038427904	0.006385001	0.041616857	0.0055490998	0.009559206	0.0017766358
a31	0.059033833	0.28966278	0.080579564	0.038929556	0.03347754	0.12667277	0.02190905	0.11093573	0.13427576	0.05970943	0.012318024	0.0061153937	0.0070535247	0.0070850565	0.007624628	0.0035289577	0.0010883808
a24	0.057626367	0.08861126	0.024645068	0.024303092	0.06348156	0.10825861	0.024430435	0.036461975	0.14509279	0.18941541	0.07178231	0.06221158	0.011095359	0.04156867	0.014103697	0.030098591	0.006813264
a8	0.12550549	0.1337266	0.046013433	0.041266795	0.056469824	0.06613031	0.03252818	0.035845075	0.1583823	0.15682787	0.033276394	0.0148958955	0.004501821	0.011931945	0.0081854295	0.015452367	0.05906034
a46	0.00318979	0.03575267	0.061588485	0.035618786	0.0031952034	0.049462914	0.15698847	0.115919545	0.37955815	0.046457604	0.014440701	0.013373768	0.016879445	0.047295533	0.013585669	0.0009217573	0.005771492
a21	0.034287978	0.046366777	0.030107798	0.024537485	0.025644973	0.044831578	0.043141335	0.03649505	0.13972968	0.1181637	0.059629306	0.08145853	0.061875183	0.09589176	0.10188698	0.025547672	0.030404245
a23	0.014670342	0.051512603	0.050057888	0.037699793	0.016499847	0.061875403	0.08021534	0.040317196	0.21391982	0.082688436	0.04990745	0.061357476	0.0518518	0.11011208	0.055801764	0.010332827	0.011179953
a31	0.0026242933	0.029620372	0.051489208	0.029933708	0.0028677785	0.041371163	0.10599374	0.057049695	0.26564157	0.048294596	0.023347149	0.050592612	0.06290086	0.16147879	0.05149078	0.004833023	0.010470608
a46	0.031112796	0.06147956	0.06746763	0.08010665	0.08447114	0.1822606	0.08231772	0.06024009	0.18962952	0.09156742	0.04285094	0.009989453	0.003760427	0.0104226535	0.0011328944	0.00075150456	0.00043896202
a31	0.02345019	0.039089784	0.03157856	0.027271116	0.024907239	0.05832543	0.06471337	0.038716406	0.15857036	0.11153052	0.07388962	0.081375375	0.041851956	0.1196735	0.06663362	0.015509093	0.022913916
a38	0.026629122	0.08864742	0.060742162	0.080405235	0.09586406	0.21608615	0.0569878	0.043449484	0.19504935	0.08418011	0.030033613	0.006277114	0.003073779	0.0102175055	0.0010636736	0.0009888796	0.000304566
a24	0.030593794	0.061258383	0.044750195	0.03539606	0.027068643	0.08015088	0.07646578	0.0627313	0.2141025	0.14395289	0.078223445	0.03920663	0.012215066	0.052265912	0.018526403	0.0051971343	0.017894965
a28	0.03641629	0.034837853	0.02035383	0.017691812	0.024556885	0.037516054	0.03712901	0.027827976	0.10417757	0.11325572	0.0658274	0.0910386	0.08268662	0.08884543	0.11806779	0.04897955	0.05079156
a31	0.024161082	0.04524582	0.031221058	0.023932124	0.022895157	0.049589794	0.046330452	0.036791958	0.14707677	0.09973545	0.059698284	0.07887979	0.08270773	0.109473005	0.106857345	0.018977892	0.01642641
a17	0.033993654	0.074907705	0.046327185	0.0580579	0.08888845	0.17482962	0.052514102	0.04131332	0.1987354	0.13105328	0.04946217	0.017590458	0.0039446396	0.020592097	0.0028026316	0.0034754002	0.0015119353
a49	0.034986135	0.04642758	0.02772672	0.021693368	0.027105257	0.046183728	0.038577426	0.03935781	0.13324611	0.12713802	0.06825799	0.086887665	0.046988748	0.103994094	0.092317484	0.026920395	0.03219148
a31	0.039402485	0.043639537	0.019208768	0.014176143	0.024156833	0.03795209	0.025853546	0.03347319	0.09694346	0.11388815	0.06779617	0.094003305	0.08652165	0.095667034	0.13634579	0.037925318	0.03304651
a39	0.045986816	0.098515004	0.032456454	0.036993895	0.084263384	0.14397499	0.03057714	0.035270073	0.17783965	0.167809	0.058734957	0.029013092	0.0046713916	0.032594983	0.005930227	0.011336752	0.0040322714
a31	0.055301517	0.055218033	0.02066049	0.014522003	0.026875062	0.035239723	0.019297993	0.037970312	0.086025625	0.120041564	0.05812686	0.083100416	0.06486697	0.077123314	0.1442118	0.053753637	0.047664702
a13	0.05955339	0.10671233	0.022397105	0.024739988	0.082024805	0.12642056	0.01962361	0.033932824	0.13336737	0.18018879	0.06900426	0.04267884	0.0052259574	0.04086067	0.01004584	0.031964365	0.011259287
a46	0.10043144	0.079602376	0.023552645	0.017152358	0.032480557	0.035982266	0.01874592	0.036072418	0.080397196	0.12375494	0.049506437	0.066179745	0.036544096	0.036288276	0.10278174	0.08510835	0.075419225
a24	0.054608308	0.054936133	0.020011334	0.013883091	0.024768928	0.03266351	0.01771466	0.03648301	0.07777261	0.10719681	0.05204245	0.07655723	0.08230186	0.0850191	0.16577524	0.050874915	0.047390793
a46	0.08246033	0.06268599	0.020159421	0.014906759	0.025689747	0.028336009	0.017972685	0.029279802	0.06664951	0.09634082	0.04299475	0.06401936	0.0818155	0.06962476	0.15622008	0.07649614	0.0643483
a24	0.039646495	0.050414506	0.0222247	0.015543214	0.022756908	0.03594314	0.022818627	0.036260575	0.09668989	0.103875265	0.053597633	0.07929893	0.096439764	0.105435014	0.1535171	0.031537764	0.0340005
a20	0.045308787	0.041554607	0.019009419	0.014769858	0.023529798	0.03108636	0.023840241	0.0284025	0.08688786	0.10629756	0.053826354	0.08147396	0.09730645	0.094753675	0.14602163	0.051833358	0.05409756
a31	0.024781203	0.035675406	0.031007392	0.029053785	0.029740166	0.061702035	0.071352616	0.03333728	0.14707863	0.09744992	0.07178712	0.0826219	0.095535554	0.096571945	0.06842989	0.013242204	0.010632983
a1	0.040040925	0.05266363	0.033582993	0.036500677	0.057804175	0.10388243	0.055518206	0.03715838	0.16872367	0.15068144	0.07091169	0.068640225	0.026629392	0.033408575	0.029638356	0.026033567	0.00818166
a31	0.032170996	0.03590242	0.022857819	0.01907778	0.023793047	0.034872964	0.033128902	0.028925208	0.106436335	0.10514476	0.05341237	0.080490686	0.10980159	0.097418256	0.13915557	0.03746972	0.03994158
a46	0.067392044	0.074247986	0.021381749	0.020110251	0.05261909	0.08082943	0.024613997	0.031486943	0.12090133	0.1702785	0.06930448	0.07123926	0.019914096	0.03495886	0.035567544	0.074990064	0.03016437
a31	0.09124131	0.06715468	0.020425664	0.01503293	0.02621327	0.02801416	0.01719023	0.02952819	0.060976982	0.09184369	0.041341644	0.060042385	0.07698397	0.06350661	0.15605329	0.08660495	0.06784605
a35	0.11970376	0.1365564	0.008409606	0.006601317	0.036750574	0.04696088	0.0055254837	0.022771211	0.04993556	0.13534029	0.057103958	0.05912286	0.010455929	0.03282471	0.0376559	0.16815445	0.06612713
a31	0.103874974	0.07050203	0.015300067	0.0104604205	0.022823965	0.023419697	0.012212593	0.025797512	0.049579874	0.0902256	0.040923003	0.06074966	0.06343504	0.058949698	0.14414078	0.1208739	0.08673122
a37	0.1461714	0.14820164	0.008367858	0.0052187433	0.02596513	0.02642876	0.004136184	0.016287567	0.038693838	0.11422621	0.035548456	0.04641764	0.012226007	0.019566266	0.04519921	0.20484993	0.102495074
a31	0.11841906	0.07993798	0.014838685	0.010139236	0.021442829	0.021084394	0.01285637	0.019936353	0.05016015	0.0902522	0.037493628	0.058900084	0.060308132	0.052383423	0.12475381	0.13896339	0.08813024
a28	0.13460031	0.13679951	0.014076849	0.009393511	0.029544087	0.027742777	0.007263327	0.013915796	0.054174628	0.115763254	0.026665771	0.040577475	0.020949377	0.015643293	0.05139796	0.20252123	0.09897073
a31	0.13085313	0.090766475	0.01471591	0.00957577	0.02163109	0.020322507	0.011613543	0.018929547	0.04616019	0.08876776	0.035739496	0.055850744	0.053390924	0.047730412	0.12035411	0.147665	0.08593334
a23	0.13949841	0.1362352	0.01571884	0.00946424	0.028645262	0.023891414	0.0072244173	0.013350486	0.046853375	0.1082625	0.024145804	0.03900652	0.026500322	0.0127660725	0.06580269	0.21582952	0.086804904
a31	0.15477362	0.11198198	0.02047005	0.013780659	0.026773602	0.024682317	0.014899195	0.0228437	0.05137941	0.09155108	0.035629958	0.049473997	0.033602957	0.041601017	0.09841894	0.12599336	0.08214416
a20	0.12875272	0.12469958	0.02037397	0.011722795	0.031124601	0.023261148	0.009014704	0.012377158	0.044446215	0.10434313	0.023026397	0.03828194	0.034876786	0.0112434225	0.08550712	0.22591722	0.071031086
a49	0.14267904	0.102972314	0.013621197	0.00809164	0.021410277	0.018990899	0.009122558	0.018042402	0.038799256	0.08578129	0.03413615	0.05280328	0.047097962	0.042561475	0.12120196	0.1604098	0.08227852
a23	0.13786963	0.10902454	0.023638323	0.015867598	0.026891695	0.02126367	0.016270928	0.015242558	0.044286367	0.07817415	0.026187906	0.040964913	0.061568383	0.03632088	0.1261226	0.16090517	0.059400674
a37	0.13866039	0.09880282	0.026419468	0.020806806	0.02815746	0.026390307	0.022155447	0.023240553	0.053393126	0.07478483	0.031213751	0.044004425	0.06726852	0.044508193	0.1320384	0.107032426	0.061123118
a31	0.10618844	0.07411394	0.020672012	0.017145611	0.022627115	0.022434207	0.025075857	0.016438311	0.06853191	0.09065938	0.033690006	0.05625959	0.08183053	0.055348925	0.116380304	0.119910285	0.07269349
a24	0.07674558	0.049965594	0.017828463	0.017199345	0.02452819	0.03326675	0.04295629	0.01778933	0.08051663	0.096275575	0.05833576	0.07750907	0.07784212	0.06274877	0.092686266	0.09879112	0.07501511
a35	0.1348426	0.101904005	0.025763305	0.019716071	0.026563482	0.022359908	0.02174957	0.01626645	0.052720793	0.07805685	0.02648921	0.04156573	0.068917386	0.039010096	0.12267377	0.14045262	0.060948163
a31	0.084529124	0.05721665	0.020037677	0.01751074	0.022465074	0.024453843	0.027639471	0.018947065	0.07682971	0.09472647	0.038855948	0.063428074	0.08891111	0.06537563	0.12076732	0.101902485	0.07640358
a46	0.09349447	0.06547215	0.018943466	0.01705134	0.024842083	0.030585498	0.038057078	0.015608587	0.078222364	0.09872573	0.050173197	0.07115004	0.07771926	0.040503826	0.09275026	0.114587	0.072113656
a31	0.12098707	0.08596532	0.023318632	0.018994505	0.024470506	0.022499042	0.023410747	0.01723726	0.06100786	0.083529375	0.02931922	0.047418453	0.07585588	0.04653368	0.121708035	0.12848091	0.06926347
a23	0.10082503	0.08437481	0.021177774	0.01618645	0.027158642	0.027221031	0.027661411	0.011847139	0.07022696	0.10668132	0.037945133	0.060176555	0.06882046	0.021911463	0.09004207	0.16008197	0.06766181
</S>	0.13237467	0.099694915	0.02502956	0.019190902	0.026042165	0.022379337	0.021634687	0.016534569	0.054385137	0.07985571	0.027201997	0.04308131	0.07066947	0.040777285	0.123428896	0.13571587	0.062003486
