 	quando	io	divento	vecchia	vendo	la	casa	vendo	la	casa	a	Trieste	vengo	e	abito	a	Martano	</S>
a23	0.009557542	0.027830448	0.003962555	0.0026195785	0.002392051	0.0019889853	0.0020768354	0.003931726	0.0028068994	0.013132815	0.055993464	0.17365076	0.07581249	0.09724774	0.10553646	0.15086003	0.18167646	0.08892317
a31	1.5430394e-06	0.0001327727	0.13149615	0.071597196	0.10310733	0.05233234	0.022900835	0.050237373	0.011099781	0.008837099	0.04241152	0.0044162883	0.14070246	0.13957115	0.13109565	0.012912456	0.006900893	0.070247136
a5	2.1810927e-05	0.0019084713	0.023919396	3.9222956e-05	0.0011379285	0.008561712	0.03988148	0.105831176	0.123484336	0.10019828	0.11897885	0.0038499236	0.11658983	0.099260405	0.19787844	0.02188908	0.0066198437	0.029949786
a7	0.00032859464	0.0046836464	0.10763206	0.002197795	0.008021288	0.00076190016	0.00967785	0.051469456	0.026424611	0.07831952	0.09677242	0.004534133	0.05067512	0.053348698	0.10752423	0.047707904	0.030866083	0.31905475
a37	8.71188e-06	2.735255e-05	0.007078215	0.0006092354	0.00053037977	0.00024103516	0.005033474	0.025668856	0.010065114	0.036454454	0.03250918	0.004281714	0.02829607	0.0240765	0.045041006	0.016090557	0.012199899	0.75178826
a7	9.849406e-05	0.0005872838	0.10008334	0.02218379	0.041887388	0.11262561	0.1698105	0.1096701	0.029791147	0.032737337	0.011208754	0.0038505592	0.108389415	0.064330526	0.046024702	0.008528545	0.004921593	0.1332709
a20	6.172701e-05	0.0006901304	0.042700723	0.011079681	0.04087051	0.15989965	0.2079703	0.1127762	0.041575026	0.037925605	0.010495365	0.0032694864	0.1294834	0.08914817	0.055568468	0.008765702	0.004871465	0.042848393
a31	6.828678e-05	0.0010114702	0.02987367	0.0091868965	0.04085942	0.16981724	0.1905025	0.08416389	0.06158037	0.048117083	0.016484171	0.008128264	0.114611216	0.0958157	0.07223443	0.016850106	0.012483246	0.028212134
a17	0.00011447418	0.001261444	0.10558501	0.027330715	0.029417703	0.10451646	0.15602133	0.08339218	0.055261552	0.055100102	0.028605765	0.014895661	0.07573072	0.05091535	0.06952424	0.02136311	0.015163342	0.105800815
a29	3.1094103e-05	0.00029830745	0.012654778	0.004896854	0.033808243	0.08735603	0.22105914	0.14380614	0.06429189	0.05580143	0.018029084	0.0057734763	0.12935427	0.09671128	0.065260634	0.012995538	0.012649782	0.03522206
a39	0.00056078704	0.0022216563	0.030189507	0.018768633	0.022097945	0.053210687	0.0649408	0.042506278	0.062417947	0.06573112	0.03693756	0.030252684	0.16662987	0.12145759	0.1414199	0.06347735	0.050367434	0.02681221
a31	0.0007145836	0.00044309927	0.019618565	0.010729765	0.023974255	0.043315243	0.1157731	0.09102157	0.07736269	0.068555094	0.036304284	0.058146346	0.11885407	0.10693873	0.08617124	0.036899492	0.0793718	0.025806025
a3	0.00015989371	0.0004904932	0.017260514	0.014107599	0.018735	0.052151922	0.07887489	0.05378093	0.0703527	0.07059816	0.042971477	0.05096112	0.1330139	0.09990977	0.114782	0.05487012	0.0926697	0.03430974
a29	0.0018261566	0.0018051119	0.050853454	0.039921578	0.023699084	0.02480556	0.039713107	0.043388717	0.040955923	0.06697885	0.048613362	0.05012601	0.1565417	0.113872945	0.12748446	0.07655632	0.072091736	0.020765945
a20	0.0041095135	0.0034577798	0.034197204	0.0581673	0.02818302	0.039179403	0.037911095	0.042237017	0.044327546	0.07478365	0.052857783	0.044581324	0.14043322	0.119690545	0.12680624	0.06916371	0.056929205	0.022984374
a31	0.004280855	0.0039502806	0.03406857	0.048511334	0.034733623	0.03621956	0.04199403	0.050079037	0.04313782	0.074766845	0.050361704	0.041790437	0.14496075	0.120981626	0.12238905	0.06267782	0.054424185	0.03067249
a13	0.0005616409	0.00031257133	0.0033760988	0.0010369857	0.0018629801	0.0018762241	0.008851628	0.02380127	0.022698645	0.06632728	0.07597689	0.13724092	0.124180436	0.100620985	0.12612589	0.14410982	0.14646076	0.014578927
a29	0.0020384693	0.0025821654	0.02914482	0.018567316	0.026795698	0.015976412	0.027052412	0.04264848	0.03539455	0.07354702	0.0673329	0.07598318	0.13305965	0.10328125	0.120344274	0.10138315	0.099720776	0.025147464
a41	0.0023750805	0.004837915	0.023522113	0.02986205	0.034109972	0.028469576	0.036444966	0.055747744	0.048256602	0.084283814	0.07945993	0.06492323	0.11095944	0.1017072	0.10716635	0.09299716	0.07859113	0.01628571
a10	0.0043650344	0.009229769	0.019167783	0.038697388	0.03794298	0.0359557	0.039353747	0.05705691	0.050835915	0.08216477	0.07613594	0.06346816	0.10424906	0.097304896	0.10138934	0.08523	0.074841276	0.0226112
a24	0.0056877453	0.015273339	0.018975196	0.047183767	0.04212313	0.048425388	0.052741613	0.06544823	0.06274808	0.08033152	0.07299481	0.05527411	0.09117036	0.088985905	0.08950371	0.073865674	0.06406603	0.025201421
a31	0.0074491077	0.021374242	0.020853795	0.0527121	0.049345423	0.06101115	0.069351286	0.07353359	0.0717327	0.0759922	0.062072966	0.038818642	0.08395365	0.08357436	0.080196574	0.055733193	0.04726867	0.045026377
a13	0.0020832652	0.0008582756	0.006502265	0.002933099	0.010529205	0.009539071	0.034207996	0.06259925	0.05687368	0.08869715	0.09267075	0.09835216	0.09866537	0.09716369	0.10095854	0.10340299	0.09934765	0.034615587
a8	0.010149025	0.020641908	0.038429644	0.041674346	0.05141905	0.05085433	0.06408952	0.0703263	0.06830666	0.07252798	0.0665897	0.05112167	0.07589625	0.07497756	0.07416725	0.06416229	0.057612203	0.04705428
a31	0.00633644	0.011002815	0.008256729	0.0040787794	0.0018735948	0.0011975646	0.002123932	0.0143653015	0.0057273693	0.060845695	0.10068179	0.10935494	0.13296539	0.12899473	0.13347638	0.13536671	0.123269476	0.020082355
a13	0.009879271	0.0032576823	0.00579606	0.004095029	0.014298346	0.01836084	0.053178128	0.067236274	0.073203444	0.08351697	0.085777804	0.08959721	0.08464824	0.086286165	0.08837333	0.08997928	0.087598346	0.054917585
a46	0.03513755	0.116886035	0.06381268	0.054438297	0.046231065	0.044636205	0.053590734	0.054846846	0.054605722	0.054871958	0.054206	0.051572513	0.05535108	0.055013955	0.054863483	0.053556602	0.052204322	0.04417495
a24	0.12148227	0.05781349	0.051969286	0.0037997526	0.00819435	0.0056900545	0.03154256	0.060020972	0.049830742	0.06989512	0.072371356	0.06943921	0.07413283	0.07380833	0.07355087	0.07321495	0.07052693	0.03271697
a31	0.1751943	0.2572163	0.024746904	0.04040378	0.033129606	0.035195928	0.036076717	0.035932165	0.036518417	0.03643312	0.036470037	0.036566928	0.03645161	0.036453903	0.036523916	0.03652162	0.03635905	0.03380572
a24	0.16770682	0.04193722	0.031915173	0.031551953	0.043815244	0.0440455	0.05143551	0.052610394	0.05298804	0.053568795	0.05368991	0.053867154	0.053608045	0.053698	0.05379764	0.053873938	0.053761434	0.052129336
a31	0.111586824	0.1694106	0.051925465	0.050206505	0.044186905	0.043894164	0.04460573	0.044629645	0.04453177	0.044397857	0.044006664	0.042747118	0.044517927	0.04441886	0.044340733	0.043706197	0.04321802	0.043669112
a13	0.12858874	0.03517701	0.044585448	0.029517336	0.045830842	0.043822106	0.05381377	0.0557087	0.055504635	0.05638645	0.056497116	0.056510694	0.056486346	0.056518886	0.05656095	0.05660282	0.056507785	0.05538038
a31	0.10679947	0.12771598	0.052218154	0.049943276	0.046831716	0.046687942	0.04772443	0.04788947	0.047848843	0.047786277	0.04752205	0.04656504	0.047845647	0.04776158	0.047735624	0.047388814	0.046938043	0.046797603
a37	0.10629736	0.0361722	0.048393596	0.034731373	0.048819877	0.047118813	0.05490914	0.05632697	0.056159616	0.056805786	0.0568806	0.0568576	0.056878213	0.05689731	0.056926616	0.056958657	0.056871597	0.05599469
a31	0.10331474	0.09133681	0.052437715	0.051738694	0.049757943	0.049761932	0.05030253	0.050418276	0.05045753	0.05039463	0.050229665	0.049532298	0.050402414	0.050325274	0.050339196	0.05023072	0.04981169	0.049207993
a20	0.08949976	0.038650878	0.050235655	0.041191153	0.051486243	0.050435446	0.055539664	0.05641568	0.056345135	0.056737687	0.05678056	0.056739528	0.056779258	0.056792367	0.056815118	0.056840483	0.05675825	0.055957116
a31	0.1059307	0.073591195	0.05294613	0.051619116	0.050865576	0.050786663	0.05131686	0.051441416	0.05148264	0.051434547	0.051293373	0.050654225	0.051431406	0.051358573	0.05137934	0.051326547	0.050919548	0.050222084
a20	0.12012827	0.04518846	0.04915013	0.04819406	0.051373202	0.05129996	0.052672792	0.05288016	0.05291951	0.05300932	0.053016298	0.0529596	0.053017814	0.053024083	0.053036526	0.05305059	0.052979905	0.05209937
a31	0.10883473	0.07782489	0.05335687	0.052221466	0.050604064	0.05052527	0.050761346	0.050837018	0.050868154	0.050797377	0.050646644	0.04998485	0.050796796	0.050719634	0.05073521	0.05066684	0.05025721	0.049561635
a20	0.19921625	0.049228474	0.04532969	0.045841806	0.046920322	0.047130477	0.047275785	0.047284804	0.04732396	0.04732712	0.04732026	0.04721748	0.047332175	0.04733245	0.047334705	0.04734021	0.047261544	0.045982443
</S>	0.11455314	0.10639003	0.053211734	0.051152244	0.048316393	0.048096366	0.04839765	0.048473034	0.048471555	0.048407532	0.04828811	0.047740832	0.0484163	0.048330035	0.048342016	0.04829557	0.04793957	0.047177885
