 	vado	vestito	</S>
i	0.000133558	0.00921179	0.990655
p	0.83041	0.166384	0.00320678
à	0.133069	0.858965	0.0079661
o	0.835834	0.158044	0.00612243
n	0.449554	0.541435	0.00901041
d	0.0656237	0.92037	0.0140063
i	0.309406	0.68375	0.00684387
m	0.0925014	0.0630407	0.844458
è	0.265275	0.709971	0.0247545
n	0.0300855	0.192516	0.777399
o	0.00409937	0.860971	0.134929
</S>	0.000194084	0.015428	0.984378
