 	il	medico	mi	ha	detto	di	non	mangiare	dolci	però	a	me	mi	piacciono	e	li	mangio	</S>
o	3.97214e-05	0.000607702	0.000663468	0.00131104	0.00677786	0.016152	0.0178305	0.0202648	0.0195197	0.0576236	0.0274482	0.0779167	0.0308028	0.0846205	0.0564226	0.0631837	0.149426	0.369389
m	0.000100889	0.969984	0.0107315	0.016168	0.00162198	0.00106815	0.000222	7.91732e-05	1.60112e-05	1.47482e-06	4.64201e-06	5.24169e-07	9.57537e-07	1.80374e-07	3.43255e-07	7.69622e-08	2.72841e-11	2.81683e-09
e	0.0556461	0.902743	0.0114726	0.0169102	0.00063871	0.00389945	0.00306237	0.00121824	0.00139711	0.000407108	0.00032547	0.000802106	0.000201113	0.000977865	0.000270315	2.60789e-05	1.66203e-06	4.90677e-07
s	0.000753092	0.694339	0.0624916	0.186541	0.029723	0.0224692	0.00278028	0.000755016	6.41766e-05	4.52591e-05	3.27636e-05	4.98458e-06	6.86523e-07	1.08262e-07	2.26326e-07	2.5229e-08	1.86145e-10	2.36052e-09
s	0.000145996	0.250949	0.16057	0.359763	0.0263309	0.109488	0.0578771	0.0191301	0.00476786	0.00158692	0.00181638	0.0036697	0.000957447	0.00192599	0.000933567	5.64791e-05	4.48278e-07	3.14493e-05
è	0.0267861	0.789216	0.0178247	0.0485385	0.0928309	0.0166203	0.00177673	0.00234969	0.00342282	0.000578006	4.614e-05	9.23067e-06	9.82436e-08	1.02507e-06	8.81156e-08	6.87863e-09	3.25047e-10	1.78704e-09
r	0.000524187	0.634925	0.0391959	0.190692	0.107746	0.022848	0.00219789	0.00164132	0.000122638	2.28925e-05	7.06757e-05	8.69917e-06	3.10548e-06	6.76436e-07	7.73221e-07	1.04425e-07	5.5937e-10	1.15055e-08
e	0.000237164	0.0178433	0.240058	0.198166	0.0189322	0.203428	0.0734634	0.030847	0.0992417	0.0281462	0.0551731	0.0101417	0.0138098	0.00421414	0.00495434	0.00112503	4.12198e-05	0.000178015
m	0.000902681	0.30159	0.0546063	0.487714	0.0208497	0.079839	0.0499384	0.00221185	0.000511934	0.000914531	0.000654519	0.000238383	1.79694e-05	1.15309e-06	9.21957e-06	9.09349e-07	8.85622e-09	1.47422e-07
u	0.00110365	0.032731	0.238076	0.114641	0.0212147	0.166035	0.0888426	0.0409935	0.0531102	0.0965329	0.0546657	0.0450919	0.0135861	0.0177184	0.01036	0.00325158	0.000729021	0.00131676
p	7.34063e-05	0.260966	0.0232097	0.405299	0.12127	0.127125	0.0541125	0.00492141	0.000320113	0.00152185	0.00068604	0.000460861	1.00881e-05	5.95784e-06	1.59792e-05	2.00667e-06	2.49065e-08	1.74711e-07
e	2.81491e-05	0.00939885	0.0479798	0.193798	0.0803213	0.29434	0.118738	0.0769861	0.0426735	0.0241574	0.0248829	0.0431365	0.007388	0.0267336	0.00770905	0.00141619	0.000112084	0.000200641
n	5.9853e-05	0.122984	0.0157498	0.519726	0.1008	0.142516	0.0887797	0.00516082	0.000399228	0.00163632	0.00100157	0.00110254	2.62716e-05	1.08826e-05	4.15539e-05	5.03998e-06	4.12297e-08	1.77401e-07
a	5.58945e-06	0.0114454	0.052239	0.221649	0.0119728	0.189665	0.2172	0.0319733	0.0145704	0.0154906	0.0351668	0.0703203	0.067169	0.0304878	0.0249507	0.00415598	0.00113815	0.000400667
m	4.95461e-06	0.105367	0.0188034	0.420067	0.195442	0.165904	0.0771293	0.00997427	0.000389321	0.0020868	0.00203891	0.00237224	9.82507e-05	9.26575e-05	0.000195798	3.32395e-05	3.00617e-07	5.26827e-07
i	0.000607718	0.0148545	0.0829966	0.0492656	0.0196992	0.106537	0.0752445	0.0474325	0.051702	0.179875	0.0682366	0.139744	0.0250266	0.0804344	0.0333561	0.0162539	0.00681505	0.00191918
n	2.61013e-06	0.0811703	0.00718983	0.20199	0.285724	0.23665	0.136938	0.0280137	0.000983366	0.00653324	0.00310243	0.0103231	8.96813e-05	0.000516956	0.00067474	9.65004e-05	8.28974e-07	7.83305e-07
f	2.7637e-06	0.00514054	0.0257139	0.120194	0.0107309	0.156872	0.221438	0.0308056	0.010048	0.0190498	0.038717	0.120976	0.124017	0.0520281	0.0482484	0.0104494	0.00442652	0.00114117
à	0.00060331	0.0339654	0.0344932	0.0367387	0.139294	0.140284	0.0854471	0.115654	0.146346	0.126317	0.0534475	0.0472903	0.00353643	0.026125	0.00742892	0.0026991	0.000270932	5.82068e-05
o	1.29528e-06	0.0173087	0.001121	0.227566	0.39401	0.195617	0.130692	0.0163993	0.00109154	0.00229513	0.00330262	0.00878598	0.000378193	0.000301101	0.000921671	0.000202199	2.85174e-06	2.59414e-06
g	1.35215e-08	0.0394602	0.0281964	0.0980969	0.391461	0.179193	0.0512685	0.073448	0.0178053	0.00479648	0.0429176	0.0164303	0.0120388	0.0160045	0.0236736	0.00510414	3.74226e-06	0.000102003
l	8.48626e-07	0.000553244	0.00439109	0.0674947	0.196462	0.170985	0.052244	0.0962207	0.0836092	0.0232845	0.0355375	0.0872156	0.015866	0.135166	0.0228905	0.00737844	0.000651267	4.93282e-05
i	0.00108039	0.0368533	0.0885765	0.0439794	0.079338	0.109802	0.0730977	0.0700564	0.199327	0.130494	0.107038	0.0267261	0.0104307	0.0130355	0.00655915	0.00300302	0.000529532	7.32531e-05
c	4.16203e-05	0.031603	0.00278383	0.172688	0.148162	0.185872	0.295534	0.0354678	0.00483389	0.0142477	0.00730932	0.0755183	0.00189877	0.00660053	0.0147624	0.00259937	5.30769e-05	2.50577e-05
è	6.00164e-08	0.000340347	0.00221604	0.0366456	0.0693875	0.0661303	0.0221854	0.0490753	0.00265201	0.0113344	0.00570358	0.158708	0.00617569	0.514215	0.0363589	0.0163881	0.00243997	4.33614e-05
a	5.23601e-08	0.00400564	0.000145218	0.0439123	0.689882	0.128204	0.0676506	0.0324165	0.00306922	0.00170084	0.00476915	0.0175306	0.000825676	0.00173319	0.00334732	0.000779267	1.34174e-05	1.53329e-05
t	9.11461e-10	0.0102339	0.00808895	0.0450555	0.330948	0.132548	0.0480002	0.0940397	0.0222023	0.00507371	0.055625	0.0402706	0.0399614	0.0642371	0.0830065	0.0182559	3.44368e-05	0.00241906
a	8.07216e-05	0.00357102	0.0371503	0.0179927	0.01055	0.0661768	0.0579681	0.0378539	0.10416	0.100487	0.137695	0.0974288	0.136989	0.0753141	0.0652307	0.0352225	0.0137516	0.00237796
p	9.95678e-08	0.00519055	0.000324154	0.0331319	0.202173	0.186604	0.201084	0.0754528	0.00334907	0.0158143	0.00788039	0.186508	0.00208937	0.0376781	0.0355639	0.00693162	0.000181702	4.33202e-05
e	1.11556e-07	9.50495e-05	0.00195264	0.023112	0.0196085	0.0401506	0.0215285	0.0336537	0.00920806	0.0133322	0.0158058	0.204337	0.0321531	0.416458	0.0899368	0.06054	0.0178207	0.000307728
r	2.32703e-07	0.00552954	0.000237478	0.0584813	0.330718	0.19074	0.198239	0.0590538	0.00501029	0.010509	0.00553904	0.101987	0.00124332	0.0132186	0.0163084	0.00308628	7.31186e-05	2.58185e-05
ò	9.97822e-07	0.000285106	0.00277015	0.0235354	0.0191596	0.0529595	0.0363427	0.0380486	0.0135389	0.0219644	0.0208609	0.234518	0.040085	0.292596	0.111939	0.0711792	0.0196676	0.000548316
e	7.41004e-10	0.00025531	1.09007e-05	0.00755855	0.770698	0.0967982	0.0338191	0.0383933	0.0017899	0.00253679	0.00393698	0.0284923	0.00049613	0.00702219	0.00588043	0.00213823	0.000131274	4.24457e-05
m	3.75457e-10	0.00416806	0.0058336	0.030683	0.137918	0.0869673	0.0442143	0.0822616	0.0175931	0.00445893	0.0521319	0.0645148	0.0994322	0.139443	0.168379	0.0383012	0.000192255	0.0235063
è	0.000210257	0.00467824	0.0261326	0.0175178	0.0174773	0.067296	0.0517039	0.0468545	0.0671373	0.166762	0.0869794	0.157949	0.0465619	0.117323	0.0624327	0.0428721	0.0186263	0.00148569
a	6.88409e-10	0.000148	5.31613e-06	0.00288462	0.489091	0.0850341	0.0410444	0.0866042	0.00573403	0.00712129	0.00825294	0.133468	0.00151072	0.0808498	0.0417181	0.015071	0.00102191	0.000440518
m	1.76426e-10	0.000867069	0.000578466	0.00369647	0.0886763	0.0355061	0.0194901	0.0905063	0.0159339	0.00647913	0.0314217	0.0962185	0.0381489	0.307031	0.185189	0.0590598	0.000651486	0.0205462
u	0.000156922	0.00228971	0.0165444	0.0104837	0.00730275	0.0378985	0.0345343	0.0278795	0.0488396	0.176484	0.0801045	0.171141	0.0599288	0.13008	0.0753504	0.0663323	0.0519531	0.00269745
p	1.22369e-08	0.000535056	4.06642e-05	0.00324196	0.0386046	0.0468543	0.0644546	0.0604644	0.00238171	0.012179	0.00503757	0.351252	0.00515412	0.264504	0.110697	0.0285511	0.00410863	0.00193895
i	7.70164e-08	4.25037e-05	0.000629495	0.0127921	0.0080143	0.0172868	0.0137077	0.015068	0.00341	0.00958504	0.00874394	0.199834	0.0315394	0.351533	0.10678	0.118978	0.101745	0.000310902
a	8.42949e-08	0.00126603	6.14334e-05	0.011238	0.121942	0.0882721	0.119104	0.0773098	0.0069601	0.0141586	0.00591958	0.296503	0.0046383	0.145251	0.0830004	0.0195349	0.00254676	0.00229324
c	5.44515e-10	0.000232643	4.06385e-05	0.000218427	0.0235204	0.0106565	0.00587929	0.0680007	0.00947612	0.0188348	0.0133647	0.142792	0.00288179	0.524225	0.108922	0.0624428	0.00530379	0.003208
è	1.29639e-07	7.12075e-05	0.000662085	0.00819858	0.016814	0.0215825	0.0134911	0.0223667	0.0098959	0.0130292	0.0137641	0.174412	0.0391614	0.446123	0.101567	0.0762177	0.0415249	0.00111822
o	1.10725e-09	0.000166782	1.95875e-06	0.00276943	0.726752	0.0620792	0.0274546	0.0492771	0.00368739	0.00322752	0.0032126	0.0628951	0.000666395	0.0326262	0.0159094	0.0058846	0.00171868	0.00167129
n	1.65835e-10	0.000607282	0.000115593	0.00342921	0.295315	0.0465987	0.0163897	0.0919681	0.00870998	0.00583458	0.0152603	0.0853723	0.0105669	0.262572	0.0812756	0.0288424	0.00175602	0.045386
e	1.02288e-06	0.000103516	0.00214965	0.00682441	0.0026997	0.030263	0.0396561	0.0154349	0.0514356	0.0236352	0.0838858	0.0839114	0.356751	0.0623842	0.0862715	0.0497243	0.0883261	0.0165423
c	1.92983e-08	0.00033679	2.12454e-05	0.00299347	0.04642	0.0448173	0.0595199	0.0569805	0.00386844	0.0117502	0.00461678	0.344035	0.00454088	0.254998	0.113019	0.0320249	0.00789548	0.0121625
e	2.48137e-07	0.000470174	0.00187124	0.0347031	0.0225128	0.0272701	0.0185695	0.0123125	0.000671795	0.0100715	0.00362006	0.170835	0.0194206	0.394758	0.065205	0.0623659	0.154358	0.000983421
t	8.88813e-07	0.00315406	0.000115836	0.0263309	0.46133	0.107671	0.0979829	0.101507	0.0526163	0.0193229	0.00868417	0.0829425	0.00157239	0.0218135	0.0101328	0.00272443	0.000507347	0.00159159
a	3.3118e-06	0.000158917	0.000974951	0.00946165	0.0207126	0.024347	0.0149807	0.0316243	0.0296339	0.0373739	0.0219495	0.187781	0.0216068	0.307821	0.0999627	0.1277	0.0637919	0.00011685
t	4.82736e-08	0.000618669	3.28865e-05	0.00568647	0.0700945	0.0568625	0.0799845	0.0565176	0.00560587	0.0111331	0.00523711	0.275814	0.0052961	0.172798	0.102221	0.0291848	0.0127897	0.110123
r	1.08542e-06	0.000302284	0.00202531	0.0283105	0.0142312	0.0350522	0.0261837	0.0221151	0.00399832	0.0185748	0.00937064	0.251762	0.0222862	0.319772	0.100737	0.0924235	0.0526369	0.000218227
ò	0.000108909	0.00192054	0.00181726	0.00580442	0.0631684	0.0692785	0.0454746	0.0665159	0.108114	0.22312	0.0837279	0.110259	0.021533	0.085548	0.038549	0.0412767	0.0334656	0.000318116
o	5.37957e-08	0.000586246	9.51556e-06	0.00374365	0.131528	0.0420543	0.0430669	0.031311	0.00426409	0.00509323	0.00372741	0.110352	0.00297894	0.087115	0.0623546	0.0269099	0.0434991	0.401406
</S>	3.05366e-10	0.000464492	8.01523e-05	0.000736875	0.106579	0.0171165	0.00531898	0.068766	0.0100582	0.0102665	0.0129975	0.0828067	0.0044371	0.488551	0.0656284	0.0332448	0.00777902	0.0851686
