 	se	avevi	visto	tempo	il	tempo	non	fossi	venuto	che	ti	bagna	tutto	</S>
a	0.000158469	0.000225658	0.00166005	0.0370558	0.00111627	0.154944	0.00391293	0.0142497	0.00314764	0.0124582	0.064315	0.0165484	0.0695852	0.620623
n	0.871506	0.128485	1.22154e-06	8.81275e-08	2.54668e-08	3.33764e-09	4.32994e-06	1.36868e-06	1.59984e-06	2.53286e-07	1.61644e-09	2.4342e-08	2.2811e-09	5.50945e-10
ì	0.0253064	0.68224	0.00867833	0.000774459	2.82737e-05	9.45458e-05	0.129984	0.00109487	0.141222	0.00868661	1.65664e-05	0.00183161	3.8993e-05	2.8492e-06
c	0.512328	0.487593	2.05169e-05	5.70477e-06	6.56464e-07	4.6967e-07	2.17055e-05	9.8962e-06	1.97019e-05	6.66508e-07	4.33379e-08	2.11803e-08	2.44858e-08	5.16749e-10
h	0.00855494	0.828262	0.0126691	0.00474936	0.000233982	0.00422047	0.0158715	0.0362505	0.0582516	0.0203255	0.00028793	0.00826333	0.00205545	4.63829e-06
e	0.0233734	0.307757	0.593281	0.00860428	0.0107398	0.00489283	0.00848765	0.0291718	0.0118389	0.000494565	0.00127244	7.43647e-05	1.03962e-05	1.82232e-06
t	0.0296562	0.855169	0.000190514	1.34861e-05	4.52427e-05	3.21386e-06	0.0599453	0.000205297	0.0520458	0.000964357	2.18958e-05	0.00171554	2.17098e-05	2.18656e-06
o	0.00213778	0.0579753	0.0411104	0.0384352	0.00360829	0.0217079	0.295946	0.0744369	0.353178	0.0444306	0.00952991	0.0317551	0.0250437	0.000704805
r	0.023307	0.972277	0.00134299	9.55047e-05	2.53009e-05	1.01078e-05	0.0022098	2.61092e-05	0.00067097	2.41023e-05	6.35107e-06	4.77454e-06	4.08322e-07	1.02465e-07
ì	0.0008553	0.0364996	0.0222142	0.0733763	0.00442271	0.0564936	0.289915	0.118808	0.284656	0.0458313	0.0211469	0.0159485	0.02883	0.00100161
s	0.0148608	0.981662	0.000143492	0.000142301	2.09786e-05	2.10389e-05	0.00124723	0.000195789	0.00163584	5.82979e-05	5.92908e-06	1.1202e-06	5.45467e-06	1.21145e-07
o	0.00104048	0.0215033	0.00794364	0.0331853	0.00690841	0.0330323	0.126406	0.31672	0.25155	0.0414372	0.0639457	0.0211577	0.0746283	0.000541141
n	0.00218979	0.912091	0.00769872	0.000907109	0.000221544	0.000189087	0.0482468	0.000459829	0.0264573	0.00127154	0.000137965	0.000113261	1.39129e-05	2.19782e-06
t	5.42012e-06	0.00207762	0.000263713	0.000721114	0.00043312	0.000880678	0.225381	0.0113685	0.549188	0.0438262	0.00173173	0.0281448	0.135502	0.000476494
a	0.000541783	0.0156729	0.117418	0.169095	0.0601978	0.172946	0.0647918	0.183828	0.055831	0.019969	0.129024	0.000487776	0.00975409	0.00044286
c	0.00227456	0.561842	0.0131599	0.00199019	0.000588679	0.000738842	0.243696	0.00123338	0.151537	0.0182561	0.000589797	0.00382593	0.000211422	5.6413e-05
e	6.47594e-05	0.0385731	0.00095482	0.0816179	0.000266232	0.255149	0.127213	0.0501506	0.298248	0.108161	0.00542015	0.00491792	0.0288922	0.000372177
r	0.000523015	0.664721	0.0203896	0.00750098	0.00163322	0.00342705	0.125814	0.00886345	0.137437	0.0165238	0.000860357	0.0121722	0.000124801	1.00457e-05
ò	5.35104e-05	0.0141374	0.00524979	0.152566	0.00153803	0.201637	0.138477	0.119566	0.204004	0.0929681	0.0115316	0.0181692	0.0391021	0.00100107
o	0.000451915	0.91122	0.00101531	0.00234262	0.000143557	0.000670585	0.0271633	0.00207199	0.0462274	0.00629304	0.000166071	0.000457483	0.0017281	4.84387e-05
c	3.35835e-05	0.0679731	3.19074e-05	7.65527e-05	4.00795e-06	1.63174e-05	0.0539267	0.00455506	0.806084	0.0416881	1.85984e-05	0.0120025	0.0132936	0.000296443
e	0.000112532	0.0377954	0.0225586	0.0733283	0.00652143	0.131133	0.0454301	0.232711	0.219318	0.030358	0.0315342	0.0206938	0.148019	0.000486693
r	0.000176253	0.31014	0.148404	0.0479516	0.00621241	0.0288623	0.194325	0.0231075	0.184196	0.0311259	0.00409845	0.0204531	0.000811475	0.000135146
ò	3.22565e-05	0.0104923	0.00128271	0.0947034	0.00106327	0.209502	0.0981413	0.100761	0.200382	0.0976917	0.0187001	0.0370214	0.128202	0.00202558
e	0.000140732	0.621413	0.00248968	0.00791406	0.000345851	0.00373739	0.0875337	0.00727985	0.173548	0.0428994	0.000864932	0.0145551	0.0355425	0.00173544
n	1.23115e-06	0.00501073	7.79388e-06	2.79754e-05	1.97008e-06	1.03166e-05	0.0331251	0.00249324	0.8283	0.0420983	1.37361e-05	0.0288541	0.0567758	0.00327972
ì	6.01279e-06	0.00101162	0.00279773	0.00975153	0.00318277	0.0166672	0.0836773	0.0488513	0.244544	0.0323339	0.017759	0.121682	0.410297	0.00743912
c	7.34837e-05	0.32438	0.00305026	0.0153674	0.000371547	0.0106406	0.115117	0.0142316	0.264747	0.0996653	0.00191226	0.0480374	0.0945803	0.00782575
h	0.0030061	0.946701	0.00101828	0.00185453	4.9328e-05	0.00300301	0.009633	0.00105916	0.014435	0.00289768	0.00135718	0.00720694	0.00754923	0.000229275
e	0.000200885	0.000945528	0.0822853	0.156772	0.0400329	0.223226	0.0348288	0.120185	0.0295691	0.0275751	0.250674	0.00108324	0.0324174	0.000205579
è	1.90391e-05	0.00912284	0.00559106	0.00451749	0.000464785	0.00510891	0.180806	0.00353295	0.229228	0.104431	0.000982359	0.3813	0.00823662	0.0666585
r	3.33647e-05	0.0270778	4.8153e-05	0.00414609	7.96329e-05	0.00492445	0.014998	0.0448412	0.163058	0.129737	0.00248509	0.063693	0.432996	0.111882
t	0.000234656	0.00888785	0.000714896	0.00858948	0.00183896	0.0266514	0.0710328	0.0523036	0.204248	0.0305823	0.0594887	0.0841849	0.443889	0.00735307
o	0.000261833	0.000751013	0.0448305	0.186172	0.0151217	0.349009	0.0150176	0.074718	0.00969507	0.0194651	0.267776	0.000944029	0.0161763	6.17917e-05
n	2.5496e-06	0.00160002	0.000362095	0.0011881	5.07953e-05	0.00149523	0.110336	0.0010186	0.14866	0.107974	0.000255489	0.389893	0.0127632	0.224402
t	3.44452e-05	0.00235731	5.77596e-05	0.00304033	7.87792e-05	0.0114832	0.0704784	0.00355265	0.106936	0.0675767	0.00616371	0.30335	0.359576	0.0653144
a	0.000185728	0.000638688	0.0121896	0.156909	0.00976614	0.376254	0.0185916	0.0794052	0.0139844	0.039534	0.249933	0.00555519	0.0368774	0.000175583
n	1.94084e-06	0.00119372	0.000701888	0.00253865	9.90016e-05	0.00346726	0.105834	0.0018033	0.121128	0.114593	0.000489243	0.480838	0.0101497	0.157161
a	4.71861e-05	0.00340364	6.14216e-05	0.00383272	7.45156e-05	0.0160557	0.0705081	0.00357711	0.0999769	0.0766716	0.00666472	0.33613	0.318124	0.0648719
s	3.4933e-06	0.00159276	0.000361082	0.00662037	5.3535e-05	0.0109091	0.112991	0.00419909	0.13566	0.238755	0.00133809	0.344827	0.0312635	0.111427
e	0.000333495	0.046456	0.000254291	0.0144439	0.00044153	0.0903028	0.0965471	0.0135326	0.151999	0.0973761	0.0200676	0.234153	0.226261	0.00783104
g	3.45749e-06	0.00154052	0.00036074	0.00952933	4.86023e-05	0.0185057	0.102468	0.00485729	0.118225	0.252849	0.00174785	0.330365	0.0349527	0.124547
r	2.28061e-05	0.0636469	8.83188e-05	0.00649282	0.000178295	0.0476427	0.0828729	0.00676648	0.26098	0.110067	0.00391569	0.160793	0.246292	0.0102408
à	0.000151254	0.000763748	0.0298776	0.162792	0.0175723	0.303727	0.0275255	0.102834	0.0244167	0.048886	0.207147	0.0108319	0.0628257	0.000649086
n	9.37512e-06	0.000877408	0.000108017	0.000309831	1.10167e-05	0.000410597	0.00711413	0.000343262	0.00964164	0.0109533	7.63328e-05	0.169461	0.0262377	0.774447
i	2.34468e-05	0.00120288	2.38737e-05	0.000860408	0.000145907	0.00571825	0.0413014	0.00442509	0.129768	0.0262459	0.00851323	0.163638	0.578114	0.0400192
ò	7.12682e-07	0.000175545	5.22731e-05	0.000993262	8.09481e-06	0.00180925	0.0358896	0.000594492	0.042751	0.0788771	0.000189648	0.240437	0.0206273	0.577594
l	1.30041e-05	0.00835792	5.67173e-06	0.00309984	1.05888e-05	0.00869684	0.0038482	0.0137993	0.030886	0.0639641	0.00200362	0.0358047	0.509571	0.319939
o	0.000351656	0.00910644	0.000856407	0.0088372	0.00189578	0.0334506	0.0668163	0.0334249	0.155519	0.0271195	0.0839061	0.107641	0.45688	0.0141949
</S>	6.0019e-07	9.15133e-05	2.28222e-05	0.000860771	4.00837e-06	0.00231006	0.0141409	0.000600012	0.0212994	0.0437548	0.000184236	0.0885276	0.0378288	0.790375
