 	ora	io	sto	studiando	di	di	imparare	di	diventare	maestra	</S>
à	9.39719e-05	0.000107808	0.000283948	0.00106764	0.00193105	0.0035249	0.012818	0.0313946	0.0126018	0.346271	0.589906
r	0.840076	0.156987	0.00278359	0.000133335	1.66963e-05	3.2362e-06	5.74493e-08	6.19647e-08	1.089e-07	5.32064e-10	6.09587e-10
t	0.0357872	0.381607	0.0385495	0.440397	0.0468601	0.0399651	0.000802325	0.00262426	0.0128172	0.000191566	0.000399398
e	0.985142	0.00361658	0.00936041	0.00126834	0.000209133	4.16413e-05	0.000357906	3.69186e-06	6.61762e-07	1.34444e-08	5.8258e-09
n	0.347016	0.271007	0.216109	0.144536	0.016718	0.00392025	5.93605e-05	0.000102979	0.000527774	9.43027e-07	3.47671e-06
a	0.00115057	0.00884494	0.123459	0.560861	0.177631	0.103428	0.00413805	0.0138221	0.00630413	0.000283911	7.70676e-05
i	0.263451	0.0798709	0.421214	0.199772	0.0281737	0.00708952	9.25263e-05	0.000144215	0.000188273	7.03145e-07	2.32313e-06
v	0.0382055	0.74718	0.0732159	0.108581	0.023837	0.0075948	0.000863376	0.000260448	0.000257549	1.16587e-06	3.45305e-06
ò	0.015256	0.0336963	0.119863	0.239729	0.153956	0.141371	0.122059	0.128816	0.0407189	0.00418562	0.000348675
s	0.0410266	0.039284	0.767501	0.10635	0.0345051	0.010515	0.000269222	0.000479203	6.71597e-05	1.17411e-06	1.43757e-06
t	0.00208368	0.121891	0.0561482	0.220756	0.208392	0.145064	0.0830723	0.114326	0.0447656	0.00309028	0.000410165
e	0.0680888	0.000291499	0.549229	0.0648904	0.052676	0.0100452	0.252574	0.00200079	0.000186739	4.74799e-06	1.32689e-05
s	0.00312972	0.0238025	0.131101	0.570979	0.143693	0.114959	0.00100822	0.00635571	0.00487638	5.11693e-05	4.2969e-05
t	0.000344496	0.0101575	0.0492348	0.25382	0.217971	0.245575	0.03044	0.159698	0.0176775	0.0129142	0.00216779
u	0.0298791	0.000890028	0.25429	0.111049	0.116179	0.0502608	0.421241	0.0150377	0.000975625	0.000139439	5.92943e-05
d	0.00140836	0.00600633	0.0987732	0.513508	0.164093	0.193606	0.000958506	0.0139189	0.00728946	0.000381462	5.64039e-05
i	3.8821e-05	0.0139536	0.0536078	0.146431	0.205193	0.286206	0.00873254	0.256912	0.0108244	0.0179959	0.00010436
è	0.00346585	0.00709555	0.0802616	0.575242	0.128494	0.187227	0.000684543	0.00643017	0.0110059	8.31658e-05	1.03218e-05
o	0.00302004	0.103286	0.267403	0.237564	0.138781	0.154981	0.00252795	0.0466813	0.0411511	0.0038338	0.000771772
n	0.000142275	0.0909482	0.06572	0.505599	0.138855	0.14773	0.000274772	0.0120369	0.0372089	0.000208617	0.00127584
a	3.60679e-05	0.00102669	0.00737338	0.0665863	0.0738693	0.0928963	0.148515	0.232316	0.318778	0.0475085	0.0110948
n	6.66336e-05	0.000194104	0.0515246	0.34354	0.187361	0.329146	0.00153414	0.0622574	0.0191013	0.00502577	0.000248986
a	1.78008e-06	0.000524289	0.00173163	0.0223574	0.0398069	0.0707491	0.0247033	0.443719	0.231718	0.153349	0.0113396
m	3.36223e-05	0.000222878	0.0327262	0.247439	0.179253	0.36466	0.00197308	0.116791	0.0366176	0.0194924	0.000791932
à	0.00183707	0.0101813	0.0239671	0.0743368	0.0664475	0.0864465	0.193452	0.292551	0.0521232	0.190982	0.00767523
s	4.71051e-05	0.000566452	0.0231557	0.0757616	0.0978172	0.251987	0.00200774	0.335579	0.0772518	0.133238	0.00258853
o	0.000836518	0.0236593	0.0159778	0.0611122	0.0568743	0.0812458	0.0777446	0.277778	0.0875257	0.309593	0.00765221
n	1.38638e-05	0.000167341	0.00886523	0.174424	0.111748	0.313824	0.00158375	0.130212	0.106965	0.121507	0.0306902
a	4.32471e-07	0.000241826	0.000425295	0.00539837	0.0134809	0.0290803	0.00836964	0.380863	0.157018	0.387894	0.017228
d	8.35118e-06	0.000168184	0.00629458	0.0962317	0.0883002	0.260627	0.00173994	0.191063	0.102682	0.225847	0.0270376
i	6.85829e-05	0.0198592	0.0186297	0.0345021	0.0287148	0.0555553	0.00259823	0.186146	0.0687422	0.57887	0.00631475
v	3.33195e-05	6.37638e-05	0.0157604	0.21526	0.121737	0.336256	0.00131987	0.0889257	0.164685	0.0460107	0.00994821
e	2.47465e-05	0.00401136	0.0107615	0.026536	0.0254955	0.0544918	0.00186366	0.148142	0.0570328	0.667448	0.00419283
n	0.000142697	0.000255256	0.020022	0.215656	0.0828002	0.204253	0.00171929	0.0574848	0.261516	0.0636523	0.0924983
t	1.21831e-08	2.37354e-05	0.000117851	0.00223297	0.00942667	0.0255068	0.00626279	0.312037	0.337992	0.244841	0.0615599
è	0.000750343	0.000508507	0.0195816	0.0452709	0.0753958	0.0840974	0.387014	0.191855	0.100808	0.0806	0.0141181
s	0.000260321	0.00019248	0.00691145	0.0806156	0.0253481	0.0724882	0.00043366	0.0324516	0.129635	0.461005	0.190658
s	6.7916e-05	0.00695421	0.0074562	0.0363015	0.0366973	0.0580309	0.020597	0.274496	0.0906607	0.46167	0.00706814
o	0.00115517	0.000915203	0.00444959	0.00868903	0.0205712	0.0279532	0.300255	0.270917	0.0273077	0.337369	0.000417893
m	1.42156e-06	2.6265e-05	0.000474213	0.0188464	0.0106007	0.0404569	0.000171606	0.0219871	0.0514996	0.272716	0.58322
a	0.000561732	0.00645609	0.0161373	0.0781768	0.0536433	0.0926317	0.00678329	0.164072	0.0392864	0.541395	0.000856312
è	1.59008e-06	5.94393e-05	0.000472629	0.0112443	0.0106387	0.0368838	0.000439224	0.0637764	0.0440503	0.517124	0.315309
s	4.19435e-05	0.00354633	0.00124472	0.00176183	0.00124127	0.00314443	0.000491185	0.0192603	0.0091567	0.927101	0.0330102
t	0.000109337	0.00372936	0.00234451	0.0136518	0.014407	0.0222242	0.0692255	0.231429	0.113772	0.493265	0.0358421
r	0.000744197	0.000514014	0.0047976	0.0105338	0.0285841	0.0368407	0.396567	0.270425	0.0416112	0.208253	0.00112958
a	0.000624583	0.000687939	0.00207145	0.00468831	0.0102482	0.015261	0.137412	0.183004	0.0276501	0.615981	0.00237135
</S>	2.037e-07	6.89583e-06	9.67922e-05	0.00403407	0.00209631	0.0075579	2.46201e-05	0.00386846	0.0134434	0.0666376	0.902234
