 	ieri	abbiamo	deciso	di	andare	al	mare	tutti	ma	mio	fratello	non	voleva	venire	</S>
e	0.000100555	0.000202473	0.00050531	0.00100758	0.0193367	0.0228667	0.00460287	0.0226401	0.0447791	0.0394743	0.0477931	0.0448982	0.0074692	0.192611	0.551713
t	1.14742e-06	0.989776	0.00956593	0.000648889	1.67971e-07	5.90309e-09	5.95488e-06	1.72651e-06	1.25511e-07	4.18627e-09	1.64545e-08	1.1846e-08	1.84613e-07	9.88043e-11	1.88042e-10
t	0.0323727	0.842106	0.118317	0.00597467	0.000648754	1.21009e-05	0.000208726	0.000277443	2.69252e-05	6.04148e-06	1.27294e-05	2.36327e-05	1.14154e-05	1.79405e-06	4.29018e-08
è	0.889673	0.0968308	0.000858632	0.000196483	0.0121127	0.000319489	3.36568e-06	2.42882e-06	1.38314e-08	3.3456e-06	1.90287e-07	1.84001e-08	8.31398e-09	7.13126e-09	7.10963e-11
d	0.00028382	0.972803	0.0244067	0.00248571	7.00712e-07	2.79681e-07	1.62251e-05	1.94079e-06	3.83678e-07	1.50461e-08	2.57946e-07	3.06712e-07	7.2583e-07	2.10161e-08	7.5625e-08
e	6.56774e-05	0.1104	0.240777	0.167436	0.0455521	0.0628218	0.199028	0.128452	0.00680826	0.010995	0.0178262	0.00415703	0.00342864	0.00220592	4.53679e-05
c	0.000459292	0.908065	0.0844323	0.00615717	3.86436e-05	1.0076e-05	0.000579316	0.00011391	3.16822e-05	2.32037e-06	8.52046e-06	2.41566e-05	7.47293e-05	8.46506e-08	2.35723e-06
i	6.15351e-05	0.113554	0.286515	0.257486	0.0504066	0.00525159	0.208872	0.0726553	0.00187997	0.000391098	0.000806891	0.000388322	0.00170861	2.02721e-05	2.89962e-06
d	0.00110084	0.831757	0.143618	0.0210742	0.000140845	5.7463e-05	0.0015447	0.000315422	0.000123447	8.32453e-06	3.73612e-05	7.21289e-05	0.000147259	3.62442e-07	2.65891e-06
è	2.53937e-06	0.0164448	0.143628	0.16264	0.0237416	0.00268744	0.345636	0.287125	0.0092463	0.00102597	0.00255602	0.00129576	0.00388383	8.21737e-05	4.27752e-06
t	5.34004e-05	0.743886	0.208858	0.0414462	7.44581e-06	8.7007e-06	0.00497078	0.000487756	5.57186e-05	2.07188e-06	5.28893e-05	2.98353e-05	0.000138489	2.66434e-06	1.02671e-06
s	0.00466774	0.177286	0.30241	0.0954516	0.0168027	0.0259463	0.0503599	0.0772736	0.0240873	0.02108	0.078078	0.0595206	0.0077423	0.0560813	0.00321283
a	0.0351884	0.000913473	0.000515558	0.00572365	0.60213	0.349916	0.000429889	0.000562616	2.31004e-05	0.00433588	0.000205757	2.00865e-05	6.44268e-06	2.28664e-05	5.57136e-06
m	0.000209498	0.350906	0.296153	0.304619	0.00140876	0.000693998	0.0272512	0.00961713	0.00433298	5.27886e-05	0.0017554	0.00171426	0.00125675	2.07956e-05	9.07584e-06
o	0.00673197	0.179829	0.24103	0.181382	0.0409909	0.0388546	0.0214262	0.0798386	0.0462315	0.0450604	0.0518616	0.0289559	0.00352042	0.0305722	0.00371437
n	0.000166117	0.230405	0.284899	0.401288	0.00247512	0.000854748	0.040668	0.025957	0.00632599	0.000154677	0.00316017	0.00215936	0.00145008	3.22404e-05	4.55879e-06
a	4.17352e-05	0.0163726	0.0942658	0.0889834	0.002472	0.00255413	0.174101	0.16193	0.0843699	0.00243494	0.0966158	0.125047	0.0280524	0.119158	0.00360077
p	4.76417e-05	0.210236	0.302672	0.355249	0.00113671	0.00051301	0.0682714	0.0366196	0.0115239	0.000153611	0.00508877	0.00373587	0.00467849	6.94301e-05	4.75941e-06
à	5.50611e-06	0.00719954	0.0620297	0.0424907	0.00646908	0.0111473	0.221157	0.290098	0.0792969	0.0233015	0.0887534	0.0523956	0.0324179	0.0822802	0.000957962
m	2.3659e-07	0.0330388	0.112325	0.356725	0.00117191	0.0017603	0.385803	0.0792306	0.0112364	0.000335257	0.00709365	0.00164642	0.00948851	0.000142169	3.44307e-06
e	0.00691755	0.070344	0.0948528	0.0290141	0.0201113	0.0935292	0.0304352	0.0464844	0.0189035	0.086766	0.168692	0.0780357	0.00614755	0.246898	0.00286863
s	1.99207e-05	0.0317421	0.14737	0.302763	0.00709246	0.00149193	0.219622	0.179583	0.0633783	0.000465982	0.015861	0.0167844	0.0133767	0.000413977	3.49696e-05
i	6.01756e-05	0.032651	0.128084	0.100724	0.00470196	0.00847626	0.0758867	0.157	0.145218	0.0169165	0.107694	0.0871611	0.0210382	0.111357	0.00303155
t	1.57712e-05	0.0257078	0.136472	0.29517	0.00446523	0.00112047	0.188245	0.176724	0.109211	0.000533384	0.0179603	0.0252946	0.0185752	0.000474748	2.99535e-05
à	0.000246891	0.0371297	0.112799	0.0801606	0.0107026	0.0216305	0.0635437	0.139774	0.138117	0.0454607	0.114825	0.0853708	0.022756	0.124498	0.00298406
l	2.08902e-08	0.0021732	0.0135154	0.0515274	0.0014197	0.00189485	0.555593	0.211411	0.0663065	0.000786083	0.0202205	0.00947367	0.0648442	0.000814366	2.0424e-05
a	0.00118482	0.0504038	0.0761342	0.0204561	0.00864866	0.0567057	0.0523218	0.0571776	0.0306474	0.0801604	0.162657	0.0795898	0.0241008	0.293852	0.00595958
s	1.48534e-05	0.0083638	0.0787305	0.14639	0.0077295	0.000956905	0.199732	0.22692	0.216286	0.000475141	0.0211128	0.0597318	0.0294835	0.00298778	0.00108515
s	2.38026e-05	0.0206038	0.0808926	0.0577023	0.00207729	0.00622853	0.0592817	0.110412	0.168717	0.0181173	0.127343	0.106696	0.0251495	0.214368	0.00238747
a	0.00128615	0.00102555	0.00159142	0.0052238	0.218685	0.372066	0.0135657	0.0473112	0.0192952	0.189466	0.0708848	0.0177682	0.00423328	0.0375252	7.27522e-05
ò	7.19598e-06	0.00637802	0.0577684	0.0980192	0.00207087	0.000391849	0.129586	0.177011	0.36303	0.000499428	0.0217252	0.089903	0.0501427	0.00249574	0.000970889
l	3.18873e-08	0.0318556	0.0351262	0.0144536	0.000702877	0.000945522	0.248826	0.226862	0.0436353	0.00591173	0.021008	0.00853117	0.356879	0.00483184	0.000430748
i	0.00164236	0.023629	0.039196	0.01331	0.013285	0.0730056	0.0428557	0.0532874	0.0259202	0.0774606	0.176945	0.0924974	0.0159192	0.346848	0.00419799
m	3.70031e-06	0.00198158	0.0243786	0.0591166	0.00685606	0.000785939	0.154259	0.268835	0.326603	0.000686368	0.0247364	0.0824106	0.0375833	0.00707172	0.00469185
a	0.00083167	0.0535083	0.101938	0.0654962	0.00963942	0.0251778	0.026742	0.0682539	0.124463	0.0573638	0.128231	0.0979243	0.0118576	0.224659	0.00391401
t	1.01505e-06	0.00103643	0.0135013	0.0311336	0.00283932	0.000285522	0.113622	0.299576	0.357673	0.000580246	0.02796	0.0972923	0.0429086	0.00861799	0.00297285
o	5.80082e-05	0.0197198	0.0619179	0.0456784	0.00336652	0.0090277	0.0391874	0.0878237	0.214473	0.0302973	0.121895	0.122173	0.025139	0.217745	0.00149906
n	5.05823e-07	0.000752607	0.00874182	0.0201259	0.00247605	0.000299279	0.102304	0.303406	0.371221	0.000704099	0.0308821	0.0982793	0.0458445	0.0104143	0.00454924
a	3.96279e-07	0.000385366	0.00263573	0.00300666	0.000263582	0.000882299	0.0257381	0.045903	0.12394	0.0023343	0.10499	0.159109	0.0233807	0.488928	0.0185038
d	2.48055e-07	0.000745356	0.00750405	0.0159369	0.00189239	0.00031607	0.117489	0.303481	0.356918	0.000788242	0.0311039	0.0865462	0.0603129	0.010847	0.00611921
e	3.12934e-08	0.00963883	0.0752256	0.037487	0.000457986	0.00166114	0.082922	0.106955	0.150671	0.00906907	0.0890979	0.0781809	0.0385956	0.316724	0.00331309
r	1.96503e-05	0.00173498	0.016413	0.0525309	0.0892451	0.0101745	0.2046	0.224285	0.276064	0.00288334	0.0157078	0.0428525	0.0503986	0.00561593	0.0074753
f	5.084e-06	0.00199593	0.0098776	0.00887276	0.00314048	0.017603	0.0592599	0.0878674	0.171506	0.0668906	0.125301	0.0979799	0.0543075	0.292831	0.00256196
ò	0.00106573	0.000395825	0.00108261	0.00538955	0.282329	0.352267	0.031736	0.0489194	0.0236991	0.0797201	0.0683268	0.0279094	0.0130548	0.0635716	0.000532991
m	6.29087e-06	0.00362851	0.0163264	0.0243144	0.00163989	0.000764439	0.0944375	0.0494867	0.209198	0.000462077	0.00781835	0.0370538	0.0828912	0.0205594	0.451414
u	0.00472275	0.0838906	0.140842	0.0519936	0.00842	0.0345265	0.0189751	0.0327782	0.0254913	0.037542	0.131908	0.0750377	0.00280101	0.344366	0.00670554
è	2.44327e-06	0.000666024	0.0098585	0.0200779	0.00365048	0.000277314	0.0601132	0.186868	0.429999	0.000603899	0.0186523	0.115451	0.0357255	0.0155622	0.102493
t	3.85941e-09	0.00269543	0.00412148	0.00193484	0.000540713	0.000742291	0.190046	0.219348	0.0558242	0.00765479	0.0248322	0.0117974	0.424741	0.032313	0.0234095
e	0.000281899	0.013654	0.032063	0.0134925	0.00240863	0.0131998	0.0189081	0.0281336	0.045008	0.0210328	0.129086	0.109178	0.00755471	0.552574	0.0134245
s	6.31273e-07	0.00035001	0.00435054	0.00976026	0.00355273	0.000329924	0.0531335	0.195904	0.35702	0.000693318	0.0233012	0.103216	0.0330893	0.0336043	0.181694
e	8.35508e-06	0.00865127	0.0368936	0.026746	0.000614233	0.00269069	0.0449946	0.055571	0.208957	0.0134752	0.0996152	0.127636	0.03804	0.333176	0.00293028
n	2.54468e-07	0.000418485	0.00373655	0.00650579	0.00237666	0.000291731	0.0467725	0.213246	0.351653	0.000873002	0.028268	0.0977525	0.0349176	0.0392082	0.173979
a	4.4513e-07	0.00027997	0.0019675	0.00210778	0.000252351	0.00103105	0.0173743	0.0311019	0.113682	0.00308198	0.0873649	0.138574	0.0188675	0.51838	0.0659344
r	1.1932e-07	0.000401378	0.00333588	0.00522123	0.00164176	0.000282354	0.0584533	0.211376	0.323048	0.000916203	0.026357	0.0800098	0.0479409	0.0388893	0.202127
t	6.82951e-06	0.00402944	0.0188287	0.01332	0.000937412	0.0052918	0.0443113	0.0549028	0.161071	0.0236944	0.107968	0.11409	0.0375673	0.407212	0.0067689
i	0.000867934	0.000429495	0.000779711	0.00231667	0.122545	0.215043	0.0115813	0.0524828	0.0371545	0.244132	0.123488	0.0460847	0.0120858	0.13083	0.000179699
</S>	1.09442e-06	0.000235635	0.00314063	0.0049648	0.000778618	5.29376e-05	0.01265	0.034004	0.0988055	0.000120087	0.00329636	0.0264649	0.00984265	0.00624383	0.799399
