 	qui	nella	casa	ha	la	luce	accesa	significa	che	ancora	stanno	svegli	non	sono	addormentati	</S>
e	8.45958e-05	0.000124187	0.000217997	0.000356295	0.00073488	0.0057206	0.0237745	0.0794568	0.0210166	0.08621	0.0833771	0.0685273	0.0390872	0.086922	0.178194	0.326196
t	0.284122	0.656529	0.055054	0.00338038	0.000872629	3.66445e-05	4.41766e-07	1.82138e-06	2.58171e-06	2.70111e-07	2.52878e-07	1.10565e-07	3.51779e-08	1.28117e-08	1.42186e-10	2.57489e-10
t	0.190562	0.444637	0.228649	0.0835343	0.0124582	0.0362305	0.000190276	0.00282606	0.000231749	0.000216473	0.000165694	0.000147481	0.000124902	2.47772e-05	1.5588e-06	1.14125e-07
ù	0.667924	0.315432	0.00962246	0.00290475	0.00372285	8.04506e-05	0.000299828	6.53282e-06	4.52128e-06	1.63479e-06	1.11376e-06	1.98994e-07	4.78725e-09	1.23036e-09	4.93661e-10	1.36041e-11
s	0.566094	0.414567	0.0173234	0.00182585	0.000123446	6.36941e-05	7.15945e-07	7.17209e-07	6.36565e-07	1.45613e-07	1.36114e-07	2.37456e-08	8.23556e-09	2.87216e-09	8.04759e-10	1.27953e-09
t	0.0149974	0.0819689	0.134669	0.132797	0.0854075	0.393107	0.0222389	0.0927925	0.0163762	0.0120907	0.00677126	0.00382521	0.00167922	0.000634847	0.000479351	0.000164838
o	0.311363	0.291601	0.0519818	0.0669676	0.235822	0.00297043	0.0385138	0.000313803	0.000299106	7.81592e-05	7.00764e-05	1.11308e-05	1.30117e-06	5.62458e-07	4.20787e-06	2.51805e-06
s	0.0671434	0.582891	0.227417	0.078386	0.0199958	0.0209433	0.00124539	0.000675439	0.000887712	0.000215357	0.000161107	2.96421e-05	6.84877e-06	2.19373e-06	8.10576e-08	1.25054e-07
p	0.00138164	0.0186046	0.0702213	0.112526	0.0762411	0.520265	0.0141178	0.131709	0.0176958	0.0160958	0.014688	0.00417753	0.0011737	0.000475178	0.000418265	0.000208932
ì	0.0151647	0.0584172	0.0340246	0.111938	0.58581	0.0299486	0.156276	0.0041075	0.00242818	0.000922193	0.000899196	5.99943e-05	1.57434e-06	7.20575e-07	1.06899e-06	2.44097e-07
t	0.0849911	0.623948	0.182858	0.0846746	0.0122747	0.0100363	0.000160889	0.000289637	0.000405116	0.000140356	0.000197275	2.09803e-05	1.86896e-06	1.12434e-06	6.62619e-08	4.43267e-08
i	0.00653274	0.0472122	0.125278	0.124914	0.0594432	0.33472	0.0291321	0.158402	0.0283916	0.0359113	0.0215592	0.0142361	0.00508185	0.00311936	0.00501237	0.00105513
è	0.0105149	0.213008	0.238927	0.180632	0.0727429	0.226023	0.0176271	0.0169348	0.0110854	0.00595591	0.00570191	0.000726189	8.86259e-05	3.11388e-05	4.60597e-07	9.17185e-07
c	0.0596145	0.612328	0.207175	0.0869817	0.0297859	0.00357031	4.89104e-05	8.6288e-05	0.000250637	4.93449e-05	6.09233e-05	2.78979e-05	1.35823e-05	6.54801e-06	5.28013e-07	8.30638e-08
h	0.0177723	0.11157	0.125619	0.162688	0.0877634	0.268394	0.0152778	0.072122	0.0331915	0.0361086	0.0353097	0.0188744	0.00711248	0.00592437	0.00225779	1.39603e-05
i	0.00140836	0.0146459	0.0143942	0.0454759	0.374251	0.0330287	0.477481	0.0090189	0.0190921	0.00585719	0.00447252	0.000773863	4.36723e-05	2.23751e-05	2.8206e-05	6.21393e-06
o	0.000764356	0.0423954	0.114495	0.124283	0.0590801	0.499034	0.020137	0.052588	0.033869	0.024534	0.0225121	0.00474682	0.00114479	0.000407868	4.98852e-06	3.73457e-06
l	0.00445491	0.0684594	0.262496	0.306072	0.190152	0.0812976	0.00305081	0.0134028	0.0233325	0.00842002	0.010452	0.0132434	0.00964509	0.00525001	0.000236765	3.51822e-05
ù	0.00104396	0.00952872	0.0323987	0.0743974	0.118361	0.3922	0.0481158	0.116518	0.0487974	0.0344754	0.019809	0.0294658	0.0359122	0.013157	0.0254078	0.000411702
s	0.000342783	0.0234935	0.0816157	0.293087	0.189484	0.277455	0.011295	0.0249088	0.0364108	0.0222983	0.0360199	0.00333871	0.000120276	0.000126759	2.08776e-06	3.75601e-07
t	0.00276041	0.0229508	0.0712254	0.0948643	0.0793972	0.28073	0.0511817	0.144877	0.0569699	0.0539441	0.0266351	0.0408337	0.0279931	0.0166993	0.0282646	0.000672745
r	0.000294192	0.00118863	0.000980765	0.00442778	0.0782779	0.0147844	0.814753	0.0175836	0.0348962	0.0183972	0.0120851	0.00217673	6.49919e-05	5.86585e-05	2.93663e-05	1.36056e-06
o	0.000323228	0.00113292	0.00201505	0.00762859	0.059309	0.0505163	0.454201	0.107384	0.0963663	0.0922571	0.0845374	0.0356969	0.00390008	0.00348519	0.00119412	5.29449e-05
a	6.34397e-05	0.00462914	0.0339207	0.0440272	0.0115387	0.409602	0.00665691	0.162206	0.0485759	0.0805336	0.113495	0.0409711	0.0279729	0.015582	0.000129721	9.62928e-05
n	0.000772168	0.010324	0.0690471	0.139408	0.14201	0.131676	0.0116978	0.0769569	0.0830853	0.0574711	0.0846174	0.0939442	0.0554349	0.0420007	0.00132082	0.000233599
a	0.000106424	0.00147462	0.00911553	0.0230995	0.0236896	0.389537	0.0148996	0.181037	0.039549	0.055287	0.0521692	0.0414968	0.0534542	0.0263648	0.0863801	0.00234016
m	1.92768e-05	0.000904742	0.00805953	0.0290493	0.0205707	0.338578	0.024818	0.206402	0.0686403	0.112519	0.155321	0.0283157	0.00374948	0.00303523	1.28485e-05	5.15732e-06
m	0.00211065	0.00717233	0.0189014	0.0214803	0.0120743	0.139942	0.0342191	0.289335	0.045042	0.127664	0.101408	0.0722788	0.0309436	0.0336572	0.0609185	0.0028538
è	0.00055573	0.000981375	0.00077042	0.00279962	0.0328765	0.015473	0.724751	0.0517046	0.0575297	0.0550392	0.0464551	0.0101096	0.000420423	0.000510226	2.38268e-05	1.62482e-07
n	1.33967e-05	0.000424488	0.00277097	0.00836464	0.004451	0.219159	0.00698796	0.216648	0.0479202	0.134621	0.253535	0.0586254	0.0244329	0.0216853	0.0001956	0.00016471
o	1.67493e-06	0.000108811	0.00191072	0.00430143	0.00259688	0.0547681	0.00526298	0.0917879	0.0722896	0.112799	0.111087	0.119544	0.0620366	0.0962799	0.263082	0.0021443
s	4.02948e-06	0.000332606	0.00452853	0.0122696	0.0055705	0.276248	0.00698771	0.245675	0.0371023	0.109579	0.203838	0.0536028	0.0260795	0.0176751	0.000296052	0.000211334
i	4.72422e-05	0.000704101	0.00736494	0.00986435	0.00210324	0.0676062	0.0045727	0.19302	0.0433674	0.16381	0.18037	0.127293	0.0433081	0.102259	0.0538299	0.000479619
g	1.14527e-06	6.20534e-05	0.00101528	0.00409761	0.0030669	0.1483	0.00804919	0.274896	0.0461326	0.144763	0.264874	0.0700207	0.0184139	0.016086	0.000162433	5.87851e-05
n	1.95261e-05	0.00263282	0.0383244	0.0563712	0.00753434	0.105337	0.0034724	0.141974	0.0385105	0.151331	0.225349	0.0984185	0.0199908	0.0551942	0.0553534	0.000186767
i	0.000119851	0.00142856	0.00473007	0.0200273	0.0952507	0.115443	0.216616	0.103822	0.108615	0.0967291	0.0930146	0.0555234	0.0278475	0.0234158	0.0369668	0.000451098
f	2.4939e-06	0.000169287	0.0027015	0.00819362	0.00409065	0.240359	0.0060813	0.251627	0.0354238	0.113853	0.211164	0.0618992	0.0361856	0.0269634	0.000510626	0.000775974
i	1.48407e-05	0.00039942	0.00661548	0.0113019	0.00268694	0.0696249	0.00387141	0.18372	0.0474341	0.154617	0.193382	0.130958	0.0406366	0.0967713	0.0576223	0.000343335
k	1.25107e-06	5.18086e-05	0.000822002	0.00330838	0.00277658	0.147582	0.00881835	0.271134	0.0451428	0.147146	0.262289	0.0680164	0.0215691	0.0207741	0.0003075	0.000260513
è	0.000305911	0.00175046	0.00967751	0.0133789	0.00568224	0.106026	0.0130793	0.273251	0.0453296	0.142618	0.148265	0.093814	0.0396762	0.0635247	0.0427613	0.000859034
i	3.28283e-06	0.000120003	0.000939671	0.00363206	0.0039697	0.0765028	0.0108231	0.111368	0.0702178	0.186852	0.44933	0.0573072	0.00802334	0.0196242	0.000788796	0.000498726
k	6.44476e-06	0.000543121	0.0095244	0.0262724	0.021934	0.113376	0.00486566	0.123715	0.0775446	0.098012	0.212663	0.111515	0.0581597	0.0594327	0.0418074	0.0406294
a	0.000191745	0.000740569	0.00261707	0.00526568	0.00994725	0.0555936	0.0406261	0.148357	0.064825	0.114109	0.105404	0.101833	0.0704789	0.0840951	0.193019	0.00289667
a	5.27186e-07	2.18806e-05	0.000386354	0.00164053	0.00151642	0.107015	0.00606395	0.276591	0.0352871	0.142889	0.284887	0.0772651	0.0306631	0.0308279	0.00163034	0.00331544
n	2.83774e-05	0.000291807	0.00243166	0.00666371	0.0106624	0.0237714	0.0189214	0.137855	0.0624415	0.150549	0.271047	0.195706	0.0419259	0.0652376	0.0083862	0.00408109
k	6.52804e-06	0.00011897	0.00107892	0.0026031	0.00247921	0.0709926	0.00529736	0.0889799	0.0271034	0.0531928	0.0515197	0.048782	0.0664971	0.063746	0.505816	0.0117869
ò	0.000171247	0.00061598	0.00140638	0.00544995	0.0350074	0.0441577	0.205902	0.127798	0.098438	0.122472	0.110738	0.0938212	0.0421962	0.0416632	0.0697869	0.000376163
r	1.09437e-05	0.000133197	0.000871363	0.0028171	0.00234145	0.140364	0.0067397	0.207859	0.0301628	0.124355	0.266935	0.0539288	0.0321495	0.039228	0.00393809	0.088166
a	0.00027401	0.00247272	0.0157019	0.0170821	0.00394857	0.0949075	0.00637144	0.144145	0.038517	0.13304	0.115592	0.10196	0.0507596	0.104701	0.167923	0.00260378
s	1.51824e-06	4.24136e-05	0.000619966	0.00240033	0.00218647	0.132406	0.0060469	0.282383	0.0264798	0.112648	0.242357	0.070441	0.0475203	0.0418756	0.0050082	0.0275843
t	4.85593e-05	0.000549112	0.00475946	0.0058064	0.00119714	0.0473747	0.00352521	0.130105	0.0331905	0.147475	0.14843	0.122917	0.0613313	0.172493	0.119904	0.000893916
è	0.000163336	0.00030072	0.000487361	0.00122866	0.00659246	0.0130556	0.177734	0.134022	0.0811781	0.163357	0.136437	0.124492	0.0440759	0.069692	0.0470556	0.000128159
o	5.46419e-06	5.51844e-05	0.00038997	0.00111533	0.000759928	0.0716194	0.00273422	0.170038	0.018607	0.0980706	0.232237	0.0494418	0.0308537	0.0429847	0.00789687	0.273191
n	1.62773e-05	0.000274799	0.00246799	0.00637447	0.00767286	0.02403	0.00905666	0.111126	0.0451583	0.118671	0.267447	0.140648	0.0337511	0.0560417	0.0707934	0.10647
e	1.48131e-06	2.63908e-05	0.000234156	0.000693721	0.0011851	0.0278828	0.00390373	0.0394304	0.0180822	0.0319064	0.0303517	0.0329496	0.0546834	0.0575689	0.671507	0.0295934
t	3.55892e-07	1.02223e-05	0.0001791	0.000647737	0.000582943	0.0524113	0.00401104	0.260444	0.0276691	0.141952	0.298469	0.0895144	0.0374738	0.0484295	0.00648275	0.0317226
s	7.15844e-05	0.000574315	0.0044455	0.00589278	0.00184146	0.0457029	0.00574758	0.134175	0.0358197	0.141603	0.142123	0.121746	0.0602817	0.159558	0.139157	0.00125972
ù	0.000179365	0.000319665	0.000488455	0.00102402	0.00428697	0.00902037	0.156417	0.121005	0.0648793	0.164523	0.128615	0.122853	0.0427252	0.0820319	0.101029	0.000601844
n	4.19051e-06	3.50476e-05	0.000254609	0.000568713	0.000332884	0.0290594	0.00189228	0.11221	0.0157813	0.0939952	0.228615	0.0487544	0.0228517	0.0527428	0.0196693	0.373233
n	9.25647e-07	4.38577e-05	0.000575713	0.00112304	0.000584278	0.0155543	0.00137365	0.0212659	0.0122694	0.0280284	0.0208871	0.0313809	0.0316014	0.0516655	0.778059	0.00558646
i	5.5849e-05	0.000144895	0.000303437	0.000778907	0.00360149	0.0130734	0.0821248	0.103708	0.0570812	0.12241	0.10128	0.103511	0.0651121	0.101428	0.238097	0.00729
t	2.64517e-07	7.55538e-06	0.000136139	0.000470725	0.000330753	0.0463857	0.00164741	0.205533	0.0153047	0.0859082	0.187541	0.0629127	0.0457925	0.0501011	0.0114136	0.286514
i	0.000106248	0.000906118	0.00682098	0.00753614	0.00144685	0.0569154	0.00422638	0.156353	0.0361606	0.162849	0.163402	0.128295	0.0585009	0.161875	0.0543175	0.00028835
e	3.62666e-07	7.26286e-06	0.000103594	0.000292145	0.000212337	0.0310064	0.00233999	0.265494	0.0180174	0.123114	0.254754	0.0875563	0.0485318	0.0641092	0.0119458	0.0925159
n	6.86557e-06	8.06991e-05	0.000674193	0.00163662	0.00204523	0.0120749	0.0131028	0.173518	0.0359325	0.161164	0.282845	0.176611	0.0354973	0.0616863	0.0151035	0.0280215
ì	3.63795e-06	5.67573e-05	0.000521608	0.0010282	0.000657102	0.029603	0.00322914	0.0878912	0.021563	0.0673977	0.0707906	0.060306	0.061056	0.0923558	0.483417	0.0201237
p	1.48123e-06	7.58437e-05	0.000959893	0.00207778	0.000911894	0.0209386	0.00389149	0.0814146	0.0313823	0.176535	0.484534	0.0741751	0.0100717	0.0491579	0.0273194	0.0365527
l	1.91191e-05	0.000909863	0.00732058	0.0134816	0.00716429	0.0255682	0.00257791	0.0124819	0.0123262	0.022896	0.0234446	0.0244077	0.0159335	0.0333899	0.793516	0.00456301
o	0.000104164	0.00029529	0.000496625	0.00168392	0.0141019	0.0184789	0.262586	0.0990622	0.0890369	0.124706	0.0950756	0.0832771	0.0377621	0.0490814	0.122957	0.0012951
m	3.19831e-07	7.92417e-06	0.00012663	0.000427784	0.000310264	0.0194256	0.000646851	0.0357601	0.00321722	0.0139149	0.0305671	0.00957174	0.00920923	0.00911625	0.0052404	0.862458
è	0.000292887	0.00141884	0.00592839	0.00555934	0.00129527	0.0594393	0.00697376	0.201798	0.0312201	0.163826	0.142374	0.108313	0.0588487	0.129273	0.0821206	0.00131875
n	1.37058e-06	1.41535e-05	0.000102751	0.000189754	7.55512e-05	0.00587481	0.000494364	0.0510075	0.00533969	0.0435143	0.118502	0.0285073	0.00986973	0.0260314	0.0266306	0.683844
o	1.27257e-06	2.37295e-05	0.00019268	0.000332575	0.000208124	0.0088513	0.00140804	0.0254074	0.00904276	0.0305731	0.0243326	0.0298316	0.0356604	0.0679396	0.737153	0.029042
</S>	1.4168e-07	3.61114e-06	5.22915e-05	0.000137351	8.59037e-05	0.00963728	0.000883682	0.0999818	0.00842107	0.0536232	0.109173	0.042472	0.0229092	0.0350738	0.0211861	0.596359
