 	io	al	mio	fratello	non	gli	lo	scrissi	mai	una	lettera	al	mio	fratello	</S>
e	9.57373e-05	8.70755e-05	0.000176649	0.000629649	0.000702061	0.00131657	0.00316668	0.0299378	0.00820835	0.00244846	0.0205252	0.0172534	0.0737968	0.382219	0.459437
v	0.999665	0.000210872	1.4896e-06	3.02258e-05	8.98463e-05	1.70973e-06	5.764e-08	2.0293e-10	2.61486e-07	2.29172e-09	1.02489e-08	1.73236e-09	6.18452e-11	1.89998e-12	5.76784e-11
ò	0.907908	0.0778843	0.00181224	0.00154604	0.00172675	0.00909963	2.74406e-06	1.07622e-07	1.77154e-05	5.42385e-08	2.49807e-06	3.00897e-08	9.20966e-09	4.04104e-10	6.20246e-10
s	0.944003	0.0496842	0.000158556	0.00134003	0.00191927	0.00282621	2.56036e-06	6.56902e-08	6.22085e-05	5.8083e-07	2.63132e-06	1.68561e-07	3.08368e-08	1.73388e-09	3.95516e-08
t	0.045735	0.048451	0.081145	0.195597	0.167044	0.350181	0.0122054	0.00215259	0.0710962	0.0082749	0.0107618	0.00489907	0.00239675	5.04143e-05	1.12864e-05
o	0.00667449	0.354762	0.52373	0.0896622	0.019404	8.05157e-05	0.00366549	0.00123956	2.17528e-05	0.000742864	3.12341e-07	1.33341e-05	3.18534e-06	9.51606e-08	1.736e-08
d	0.0953771	0.015596	0.00455979	0.102095	0.39902	0.381079	0.000914425	5.40659e-05	0.00108835	0.000115374	8.30967e-05	6.29538e-06	6.64627e-07	1.25915e-06	8.89296e-06
e	0.00125104	0.00197863	0.0210272	0.238355	0.48325	0.137373	0.00575111	0.00634271	0.090219	0.00177284	0.00965081	0.00162186	0.0012108	0.00017859	1.65228e-05
r	0.0303278	0.00290696	0.00116358	0.00767624	0.0470723	0.906608	0.00050304	6.06723e-05	0.00298512	0.000288918	0.000357619	3.76052e-05	3.14063e-06	3.18391e-07	8.27278e-06
f	0.00104473	0.00208138	0.0134488	0.141446	0.230099	0.488983	0.00492782	0.001505	0.101166	0.00208812	0.0119749	0.00080046	0.000218193	8.69322e-05	0.000130501
ò	7.20134e-05	0.0911036	0.610147	0.220453	0.0564911	0.00183465	0.0111309	0.00727987	0.000512851	0.000901895	1.08863e-05	5.05141e-05	1.0634e-05	1.39818e-07	1.82243e-08
m	0.0272733	0.108528	0.0115428	0.194033	0.344225	0.309353	0.00140409	0.000261977	0.00290943	0.000106065	0.000283114	3.65748e-05	1.23606e-05	6.03536e-06	2.60052e-05
u	0.0326831	0.0166691	0.0344816	0.219693	0.181995	0.28385	0.0130853	0.0115744	0.0386996	0.0508603	0.0137016	0.015746	0.0411616	0.0441484	0.0016504
e	8.91382e-05	0.00365086	0.00331383	0.108897	0.240473	0.544047	0.0136344	0.00345513	0.0691802	0.00113809	0.0112661	0.0006551	0.000154668	1.85067e-05	2.65939e-05
n	0.00509583	0.00634095	0.00407213	0.0948655	0.205362	0.12822	0.00885956	0.00159232	0.388319	0.0220241	0.110898	0.0177105	0.00650501	4.11631e-05	9.34812e-05
t	0.00131521	0.00274332	0.0120743	0.140939	0.158721	0.41607	0.00890822	0.00539638	0.124984	0.0208735	0.0630251	0.00554033	0.0054994	0.0316386	0.00227177
u	0.000373481	0.0187089	0.159156	0.182951	0.0974234	0.00407102	0.139852	0.219453	0.0328886	0.0873279	0.00339805	0.0340104	0.0201839	0.000181497	2.09006e-05
t	9.15971e-06	0.000651088	0.000903262	0.0135489	0.0429212	0.880459	0.00383301	0.00161439	0.0344619	0.000684703	0.0200773	0.00046059	0.000170735	0.000103082	0.000101428
ò	0.00919246	0.00383438	0.00460328	0.0531375	0.0644268	0.509196	0.0114527	0.0316873	0.123419	0.00543177	0.0775242	0.0228714	0.0499371	0.0319788	0.00130782
g	6.11511e-05	0.0011396	0.00161917	0.0732859	0.188287	0.212464	0.0209035	0.0188587	0.317933	0.00188212	0.151284	0.00683265	0.00462978	0.000452482	0.000366763
r	0.00173422	0.00160737	0.00219206	0.0326683	0.0935066	0.420028	0.00141071	0.00886832	0.102083	0.00441221	0.0716853	0.0158352	0.132619	0.110589	0.000761305
a	0.000101842	0.00507678	0.0839336	0.118285	0.0904708	0.00357033	0.173729	0.363637	0.0308355	0.051322	0.00576988	0.0434893	0.0295243	0.000243771	1.00627e-05
z	2.41622e-06	6.43454e-05	5.7676e-05	0.00276288	0.0142595	0.708765	0.00139655	0.000498341	0.104713	0.000436158	0.160043	0.000507993	0.000195495	0.00183977	0.0044582
z	0.000877382	0.000519294	0.000920377	0.0192217	0.0394026	0.363219	0.00515949	0.0165598	0.162706	0.00439622	0.1949	0.0230075	0.0581853	0.108708	0.00221648
a	0.000142699	0.00260891	0.0287324	0.0627106	0.0485539	0.00540498	0.123307	0.329986	0.0700904	0.0868913	0.0302545	0.0977561	0.108269	0.00522869	6.37828e-05
m	1.97697e-06	6.72917e-05	0.000105224	0.00376341	0.014452	0.566174	0.00312225	0.00166318	0.154053	0.000642814	0.246706	0.00134153	0.000645853	0.00281573	0.00444572
à	0.00868771	0.00328231	0.00317659	0.0292859	0.0399154	0.460112	0.0094843	0.037879	0.0802356	0.00647417	0.0809681	0.028906	0.101021	0.108708	0.00186401
i	7.54127e-06	2.67011e-05	3.55299e-05	0.0030499	0.00991105	0.0230154	0.00491122	0.0102329	0.397282	0.000777429	0.520438	0.00956725	0.0105677	0.00556441	0.00461305
è	1.07301e-05	3.60238e-06	3.38894e-06	0.000989318	0.00662768	0.0164243	0.000461183	0.00017581	0.419783	0.00040598	0.541705	0.00218933	0.00089514	0.000792881	0.00953266
n	0.000364441	0.000459426	7.9757e-05	0.00373138	0.00480835	0.00316826	0.0063696	0.019835	0.357296	0.00191127	0.457464	0.0428768	0.0769177	0.0122756	0.0124422
a	3.87165e-05	8.82819e-05	0.000845137	0.010649	0.0308693	0.063082	0.00207283	0.00414665	0.0414188	0.0510235	0.0601449	0.0214071	0.0773444	0.628031	0.00883825
n	6.37741e-07	7.45648e-06	3.25786e-05	0.00192441	0.00697618	0.0789942	0.00347735	0.00467976	0.301151	0.000511995	0.553049	0.00242573	0.00156824	0.0167043	0.0284971
g	1.28701e-06	1.43966e-06	5.51107e-06	0.000723418	0.00395586	0.0114259	0.000207078	0.000709917	0.0279132	0.00076302	0.0776541	0.00323275	0.0141556	0.852482	0.00676908
r	2.05507e-06	4.33685e-05	0.000665594	0.00102467	0.00203126	0.00303485	0.00271119	0.15496	0.0248758	0.00411447	0.0351919	0.0775801	0.657671	0.036019	7.43475e-05
à	0.000109801	0.000976935	0.00813676	0.0193534	0.0168253	0.00205489	0.0790643	0.282968	0.0636364	0.0554613	0.0599508	0.151984	0.236537	0.02289	5.09009e-05
m	4.02476e-06	1.2737e-05	7.3769e-06	0.000298364	0.00101841	0.0500322	0.000344531	0.000308395	0.0265281	6.74639e-05	0.0837177	0.000329235	0.000332182	0.0355445	0.801455
m	0.00238697	0.000884772	0.000976503	0.0145465	0.0307199	0.328289	0.00188158	0.00661334	0.0249296	0.00527041	0.0320067	0.00877072	0.0601637	0.476851	0.00570934
a	0.000444488	0.0010387	0.00345211	0.00749712	0.0066001	0.00322082	0.037848	0.337014	0.0304296	0.0180582	0.0327901	0.123043	0.380715	0.0178376	1.14467e-05
u	6.89194e-07	1.69939e-06	2.10232e-06	0.000518389	0.00205601	0.019931	0.000982657	0.00057838	0.189552	0.000183526	0.493237	0.000969088	0.000562467	0.0349819	0.256442
d	5.9977e-06	1.43095e-05	2.17973e-05	0.00149338	0.00287091	0.00261142	0.00653578	0.00981858	0.354589	0.00427885	0.50088	0.031801	0.0322624	0.0107326	0.0420841
e	2.68601e-05	6.6932e-05	0.000123434	0.00216659	0.007357	0.0772735	0.000830645	0.0114708	0.153578	0.00141635	0.325266	0.0202004	0.113393	0.285293	0.00153689
r	9.35443e-07	8.32587e-05	0.00145676	0.00751699	0.017919	0.181766	0.0170085	0.0745765	0.212372	0.00103316	0.313881	0.00549952	0.00411182	0.0247358	0.138039
f	2.05658e-05	5.18313e-05	0.000218697	0.00146374	0.00364816	0.0507154	0.0013274	0.0229398	0.0451647	0.00215192	0.116751	0.0353373	0.286837	0.431487	0.00188566
ù	3.07133e-05	0.00131012	0.0253525	0.0510467	0.046324	0.00495348	0.0907403	0.287085	0.0694366	0.0659267	0.0647942	0.0819806	0.114425	0.0935686	0.00302614
m	4.45249e-06	8.25134e-06	1.17429e-05	0.0002233	0.000529738	0.0150942	0.000283861	0.000708033	0.0107222	4.20992e-05	0.0358107	0.00036232	0.000787515	0.100881	0.83453
m	0.0083078	0.00373596	0.00514505	0.0617466	0.083202	0.430498	0.00302406	0.00550575	0.022283	0.0115634	0.0170074	0.00696354	0.0399414	0.297317	0.00375873
u	0.000395735	0.000960388	0.0032053	0.00652007	0.00559233	0.0022049	0.0344065	0.329148	0.0260409	0.0167209	0.0309531	0.118025	0.401618	0.0241969	1.19486e-05
</S>	2.68208e-07	3.3889e-07	4.99999e-07	0.000119109	0.000468835	0.0047298	0.000269934	0.000231838	0.0545396	4.7658e-05	0.174413	0.00032074	0.000236116	0.0404496	0.724173
