 	lui	sapeva	che	oggi	fa	freddo	e	non	ha	voluto	venire	</S>
c	8.41667e-05	2.90632e-05	8.13451e-05	0.000173998	0.000927601	0.00403004	0.00345223	0.004261	0.00602905	0.000932172	0.0974342	0.882565
ì	0.993636	0.0044269	0.000887658	0.000204513	0.0003156	0.000396717	4.33138e-05	4.75673e-05	1.05084e-05	3.07747e-05	2.40451e-07	4.69021e-09
o	0.999968	4.70715e-06	1.50443e-05	1.2935e-06	5.2886e-06	2.88748e-06	3.00529e-07	1.31967e-07	2.23555e-08	2.66224e-06	6.47525e-11	2.94236e-09
ì	0.996119	8.86692e-06	0.0014197	0.000384305	0.00160642	0.000322252	6.53775e-05	2.85056e-05	2.95286e-06	4.24683e-05	2.23132e-09	1.15218e-08
s	0.998103	0.000251376	0.000828622	0.000269244	0.000462402	2.39967e-05	1.1932e-05	3.58631e-06	4.17501e-07	4.55118e-05	2.87956e-09	2.55975e-09
s	0.028401	0.0124221	0.105403	0.298406	0.082141	0.302043	0.0427044	0.0662162	0.018469	0.0368718	0.00665674	0.000266209
e	0.00102821	0.681826	0.0564394	0.258051	0.00240003	8.74591e-05	0.000113049	3.91166e-05	4.64442e-06	3.26941e-06	6.57059e-06	1.5176e-06
r	0.252881	0.0280537	0.202215	0.120885	0.277579	0.0594799	0.021357	0.0155061	0.00218239	0.0198115	2.17933e-05	2.68216e-05
e	0.00456854	0.0031966	0.0449147	0.203012	0.199994	0.336107	0.119988	0.0591041	0.0160176	0.00306788	0.00857727	0.0014536
k	0.0631275	0.0418897	0.240901	0.109954	0.389539	0.0824251	0.0417322	0.021492	0.00351088	0.00536796	3.97949e-05	2.06463e-05
a	0.0170228	0.0094649	0.058049	0.229951	0.0954407	0.309183	0.112519	0.0812077	0.0317784	0.0041304	0.0472675	0.00398629
s	0.00901272	0.019583	0.208423	0.0777369	0.446313	0.114501	0.0841937	0.031096	0.00665662	0.00237652	8.71528e-05	2.12121e-05
ì	0.00262876	0.00160895	0.0324759	0.0770283	0.141287	0.397725	0.174481	0.0949325	0.0397562	0.00291011	0.0322787	0.00288764
m	0.00205586	0.00301001	0.128932	0.0442639	0.646929	0.0410943	0.0828044	0.0275955	0.0098891	0.0130859	0.000327284	1.29732e-05
b	0.00913836	0.00910643	0.0241752	0.171459	0.0385851	0.256415	0.0565745	0.0911546	0.0433126	0.00796906	0.282911	0.00919961
e	0.000799015	0.101343	0.0758637	0.558937	0.137693	0.0271656	0.0617499	0.0234044	0.00713324	0.000318891	0.00553751	5.4521e-05
r	0.000261523	0.00028303	0.00925167	0.00428266	0.178223	0.350985	0.162673	0.135975	0.072518	0.0841907	0.00113224	0.000223594
i	0.00144733	0.000210359	0.0201654	0.011911	0.157518	0.298793	0.234062	0.12335	0.0794141	0.0099374	0.0623853	0.000806914
k	0.000106438	0.000479364	0.0131547	0.0045694	0.25398	0.304072	0.197391	0.129806	0.0684368	0.0266603	0.00117704	0.000167166
à	0.00449788	0.00112802	0.0207567	0.0269275	0.083795	0.314787	0.168106	0.135645	0.0921148	0.0103547	0.138136	0.00375155
n	4.55796e-05	5.99224e-05	0.00702268	0.00262637	0.406566	0.0842579	0.213625	0.102374	0.091141	0.0863765	0.00556885	0.000337257
n	2.08086e-06	7.78915e-06	0.000252315	0.0074555	0.010537	0.0841954	0.0176997	0.0742407	0.0829429	0.237344	0.480332	0.00499024
i	6.44782e-05	0.0183259	0.0151859	0.338287	0.074815	0.119556	0.0750755	0.105078	0.0682625	0.0168204	0.166727	0.00180277
s	3.21563e-05	7.90391e-05	0.00398122	0.00162905	0.136033	0.290953	0.193946	0.151734	0.125319	0.0853797	0.00688107	0.00403329
s	0.000203992	3.77593e-05	0.00742264	0.00473966	0.0892708	0.181267	0.149525	0.119483	0.135412	0.0492315	0.262314	0.00109285
ì	0.000570716	0.00968402	0.0215036	0.129119	0.108896	0.10838	0.18538	0.136236	0.0978156	0.00549156	0.196486	0.000436657
c	0.000123441	4.36019e-05	0.00237004	0.000675077	0.186537	0.137886	0.195722	0.127482	0.160084	0.141859	0.0275217	0.0196963
h	0.000486024	7.71163e-05	0.008199	0.0163072	0.0576811	0.125564	0.0493989	0.0653302	0.0697488	0.19837	0.406557	0.00228025
r	0.000420105	0.0210537	0.0330289	0.219732	0.149215	0.0998023	0.170928	0.12594	0.0765468	0.00913676	0.0940476	0.000149072
a	0.000423304	0.00507014	0.0097563	0.0654349	0.066911	0.102828	0.163203	0.143105	0.1236	0.00863006	0.310317	0.000721359
c	3.22485e-05	3.09357e-05	0.00149247	0.000544956	0.0562106	0.263638	0.121201	0.118911	0.124974	0.142501	0.0128391	0.157625
e	1.87231e-05	1.93341e-06	0.00346482	0.00222135	0.0857599	0.0776249	0.117893	0.0848945	0.141833	0.131419	0.35383	0.001038
e	0.000532064	0.00453143	0.0275164	0.015219	0.28195	0.137964	0.159273	0.119792	0.0723882	0.148407	0.0144251	0.0180019
t	7.098e-05	4.56993e-06	0.00189972	0.000786051	0.0816082	0.120519	0.221211	0.125709	0.159352	0.123013	0.0641355	0.101691
è	0.000316104	0.00026537	0.00398486	0.0104688	0.0383331	0.194084	0.10953	0.138515	0.140953	0.0251294	0.325899	0.0125208
l	4.01913e-05	1.64909e-06	0.000436733	0.000145854	0.101195	0.0496102	0.169898	0.085943	0.17797	0.121589	0.172587	0.120583
i	0.000679981	0.000530102	0.00436874	0.0219964	0.0206663	0.110727	0.0386723	0.0724588	0.0702176	0.0500034	0.593437	0.0162421
s	5.38163e-06	8.03236e-06	0.000420569	0.000452938	0.0393636	0.136931	0.116596	0.0960896	0.116638	0.0213931	0.0741978	0.397905
e	0.000145479	4.6241e-05	0.00259479	0.00235823	0.0358669	0.118627	0.0685979	0.0913134	0.131869	0.0731185	0.469985	0.00547766
n	1.171e-05	2.66895e-06	0.000329468	0.000229047	0.0395718	0.112534	0.159088	0.103775	0.143284	0.0170937	0.112417	0.311664
a	2.41258e-06	4.22971e-06	0.000137574	0.00116466	0.00728243	0.0418209	0.0223625	0.0481096	0.0743789	0.031594	0.688132	0.0850108
r	1.25061e-05	1.3264e-06	0.000257163	0.000141941	0.0353533	0.0748024	0.133197	0.0810559	0.129447	0.0220357	0.129303	0.394393
t	4.77555e-05	2.50589e-05	0.00134029	0.00269528	0.0200871	0.0681683	0.0387392	0.0607071	0.0996502	0.0890628	0.602939	0.0165373
i	0.000479784	0.00593155	0.00996155	0.0692045	0.0571682	0.0739909	0.142792	0.12279	0.110586	0.00782948	0.398084	0.00118282
</S>	2.42986e-06	3.2183e-06	0.000121983	7.87837e-05	0.00716911	0.0356683	0.0220953	0.0193668	0.0254849	0.00717527	0.0139145	0.868919
