 	se	si	era	vestito	il	mio	fratello	l	avessi	portato	con	me	</S>
a	0.000173185	0.000140738	0.000129188	0.000226657	0.000209564	0.0170129	0.0102257	0.02789	0.00299384	0.0184323	0.10252	0.468525	0.35152
n	0.686112	0.258082	0.0536629	0.00210725	1.65356e-05	3.22569e-06	9.08732e-06	1.23288e-07	5.87382e-06	1.22072e-06	1.39548e-08	1.71723e-10	5.62294e-10
ì	0.0115183	0.178518	0.270103	0.512354	3.88108e-05	0.00020127	0.00642512	8.01532e-06	0.0196096	0.00118799	2.90676e-05	2.16518e-06	4.20384e-06
c	0.616515	0.276661	0.089326	0.0168013	0.00013422	0.000165296	0.000239749	5.06712e-06	0.000120268	3.20861e-05	1.02216e-07	3.2197e-10	6.29424e-10
h	0.0221756	0.470391	0.0325833	0.189367	0.00140835	0.0265653	0.0494292	0.00291845	0.169011	0.0331862	0.0020709	0.000831497	6.23642e-05
e	0.018261	0.11741	0.655374	0.156301	0.0112359	0.022595	0.00278306	0.00454744	0.00825482	0.00322463	6.78671e-06	2.32288e-07	5.74665e-06
n	0.00377094	0.091418	0.336581	0.528058	3.99383e-05	6.0646e-05	0.00320879	1.88368e-05	0.0342214	0.00260625	1.22985e-05	1.34998e-06	2.55459e-06
d	0.000145643	0.0142253	0.102167	0.416702	0.000569231	0.00394284	0.0647823	0.00103632	0.372609	0.0200296	0.00135377	0.00224338	0.000194051
i	0.0110822	0.0579937	0.270341	0.124221	0.0434876	0.382575	0.0200562	0.0665278	0.0157953	0.00785515	6.32745e-05	1.61536e-06	1.97131e-07
s	0.00275167	0.0703992	0.179193	0.645549	0.000680548	0.00123601	0.00716049	0.000450315	0.0794196	0.0129335	0.000185901	2.00859e-05	2.02923e-05
ò	0.000258043	0.0132005	0.0865528	0.465081	0.00108164	0.0360157	0.192888	0.00488617	0.105332	0.0799708	0.0117742	0.00255027	0.000408912
n	0.00580494	0.108743	0.0881177	0.704503	0.000366634	0.00235207	0.019787	0.000384187	0.0481002	0.0216133	0.000224096	2.90661e-06	7.89317e-07
t	3.53808e-06	0.000679205	0.00806837	0.0309709	0.000778794	0.0207581	0.0818641	0.00952396	0.794884	0.0284756	0.00556906	0.0176796	0.00074465
a	0.000457475	0.0026572	0.0102109	0.0108639	0.0259401	0.598632	0.0302917	0.282429	0.0030652	0.0341181	0.00131667	1.5147e-05	1.73042e-06
o	0.00050354	0.0245363	0.057984	0.488688	0.000122649	0.000943661	0.0438525	0.000430062	0.259828	0.116096	0.00625715	0.000665654	9.22075e-05
a	3.26251e-05	0.0110993	0.0107033	0.0936953	0.00115641	0.00843639	0.0672404	0.00297014	0.734306	0.0587808	0.0111739	0.000239083	0.000166154
t	0.000127952	0.0286209	0.0273965	0.21756	0.000403601	0.00482843	0.103415	0.00132517	0.531125	0.0717742	0.0128884	0.000274778	0.000260269
r	0.000625668	0.013256	0.0782642	0.0888473	0.0041223	0.169968	0.183473	0.0840932	0.197578	0.059669	0.04589	0.0700381	0.00417538
e	0.000450858	0.0021508	0.00480015	0.00744895	0.0150385	0.469639	0.0745705	0.314387	0.0085655	0.0869015	0.0156892	0.00035024	8.0557e-06
f	0.000101833	0.00898302	0.0112327	0.306477	0.00013648	0.00150776	0.0753931	0.000820964	0.269627	0.26883	0.0397534	0.0164135	0.000723468
f	0.000385141	0.0139615	0.0433182	0.439983	0.000234373	0.0111389	0.0949863	0.00515837	0.0413096	0.106305	0.13918	0.103666	0.000374405
ò	0.000197832	0.00184849	0.00477511	0.0109705	0.0090064	0.435299	0.0989571	0.263277	0.0314755	0.110452	0.0305833	0.00313398	2.31811e-05
m	0.000405215	0.00497023	0.00234555	0.10257	7.83813e-05	0.00344384	0.0694131	0.00153186	0.474641	0.26674	0.0317073	0.0375926	0.00456108
m	0.00204332	0.0305564	0.226862	0.282926	0.00113555	0.0244696	0.0700464	0.0172253	0.0880644	0.0300962	0.0516297	0.169929	0.0050161
u	0.000462022	0.000890335	0.00143366	0.00272483	0.00288308	0.464837	0.0412662	0.376158	0.00210843	0.0801613	0.0263237	0.00075125	6.1546e-07
o	1.68121e-05	0.00104098	0.000864868	0.036054	1.74555e-05	0.000416554	0.0841316	0.000316612	0.194995	0.439553	0.137033	0.0987772	0.00678307
n	6.3647e-06	0.000752856	0.000485504	0.0102229	0.000223537	0.01316	0.125136	0.00872101	0.362847	0.322549	0.134923	0.0144099	0.00656258
ì	3.13173e-05	0.00108314	0.00617662	0.0335064	0.000100111	0.00616288	0.0670832	0.00411359	0.269136	0.0672116	0.0606382	0.472611	0.0121455
c	2.61714e-06	0.000284081	0.000169448	0.0146886	1.36888e-05	0.00956108	0.0762838	0.0036284	0.262196	0.538433	0.0657089	0.0280016	0.00102906
h	0.00092363	0.0973535	0.0738422	0.156689	0.000794544	0.013809	0.0341685	0.00689312	0.260042	0.0253624	0.0440952	0.281461	0.00456554
a	0.000248585	0.00078557	0.00148507	0.00202436	0.00718904	0.2826	0.115894	0.291338	0.0403448	0.131092	0.109638	0.0172821	7.87593e-05
p	1.02852e-05	0.000561964	0.000678532	0.024362	2.16425e-05	0.000291454	0.0187378	0.000190486	0.101076	0.0927615	0.0306178	0.274593	0.456097
à	1.6452e-06	0.000519112	0.00369813	0.0561355	8.7943e-05	0.003177	0.0363939	0.00253437	0.207162	0.0774132	0.178029	0.434202	0.000646396
r	7.16163e-06	0.000182495	5.45933e-05	0.00495572	6.48742e-06	0.00373196	0.0345048	0.00157355	0.27493	0.336523	0.0563301	0.250868	0.0363326
o	3.68167e-05	0.00135835	0.0141222	0.0226099	0.000897352	0.0321179	0.0419618	0.0258552	0.341788	0.0244988	0.0502241	0.436072	0.00845779
n	2.38526e-06	6.11053e-05	8.32606e-05	0.00376832	5.95395e-06	0.000692161	0.0225538	0.000445201	0.06826	0.138905	0.048302	0.408397	0.308523
t	1.10085e-06	4.3839e-05	0.000520521	0.00177743	8.04931e-06	0.000571826	0.0168888	0.000779026	0.190806	0.0270398	0.0539947	0.685832	0.0217369
a	0.000196944	0.000568767	0.000990165	0.00132565	0.00372869	0.181124	0.105993	0.219582	0.0474275	0.119744	0.198395	0.11997	0.000954196
m	1.78725e-06	6.74913e-05	6.52001e-05	0.00350565	9.36105e-06	0.00027307	0.0078113	0.000188849	0.0235381	0.0429019	0.0191661	0.341105	0.561367
e	0.000328674	0.00273168	0.00581242	0.0421239	6.46214e-05	0.00179505	0.0133493	0.00220311	0.0150544	0.0236526	0.110183	0.781921	0.000779495
m	2.08578e-06	3.55393e-05	3.56447e-05	0.00141621	1.25579e-06	0.000173698	0.0152612	0.000160139	0.0223741	0.0997634	0.0734265	0.562502	0.224848
e	0.000126952	0.000626266	0.00118841	0.00625857	5.97948e-05	0.0032801	0.0110547	0.00420546	0.0109602	0.0197967	0.0783767	0.86225	0.00181588
a	1.84618e-06	2.31835e-05	2.51402e-05	0.000905393	1.32274e-06	0.0002154	0.00982057	0.000205839	0.0134043	0.0645086	0.0554462	0.675048	0.180394
</S>	3.81636e-06	0.000106517	6.76966e-05	0.00131915	7.38979e-06	0.00246142	0.0411589	0.00250844	0.0287408	0.21837	0.288291	0.211191	0.205774
