 	vengono	vestiti	</S>
è	0.000330376	0.0396543	0.960015
r	0.94379	0.0556556	0.000554241
k	0.0291676	0.51908	0.451753
u	0.900267	0.0944456	0.00528756
t	0.892844	0.0386527	0.0685036
t	0.102537	0.892592	0.00487045
e	0.682278	0.30349	0.0142324
n	0.174082	0.0704443	0.755474
d	0.0222595	0.95282	0.0249201
i	0.159159	0.785562	0.0552788
m	0.0380948	0.051955	0.90995
è	0.182347	0.781588	0.0360648
n	0.0455308	0.346368	0.608101
a	0.0047683	0.657772	0.33746
</S>	0.000345566	0.0272555	0.972399
