 	se	vieni	alle	sette	se	no	non	vieni	più	che	non	mi	ha	</S>
a	0.000313356	0.000242232	0.000263007	0.000720541	0.000761033	0.00285141	0.00298842	0.00208199	0.0197162	0.0291286	0.037975	0.0564181	0.30641	0.54013
n	0.877526	0.0943555	0.0163131	0.0115832	0.000122113	2.12845e-05	5.77474e-05	4.48548e-06	1.5123e-05	1.44569e-06	4.20965e-07	4.14955e-08	1.5827e-08	8.55473e-09
è	0.00327653	0.115879	0.363797	0.344207	0.0430404	0.0655654	0.0499697	0.0106822	0.00270179	0.000404963	0.000446214	1.49023e-05	1.01017e-05	4.67304e-06
r	0.529413	0.224811	0.085902	0.158561	0.00103264	3.54485e-05	0.000191016	1.65167e-05	3.02432e-05	5.72775e-06	1.08599e-06	4.65231e-08	3.80027e-08	9.47917e-09
t	0.00532954	0.111211	0.163137	0.202615	0.0606607	0.150037	0.139087	0.0652424	0.0499024	0.0251964	0.0217594	0.0036229	0.00208948	0.000109161
i	0.272442	0.084506	0.373089	0.128988	0.10479	0.00864089	0.0245861	0.00137131	0.0006096	0.000648173	0.000165773	5.91027e-05	7.55958e-05	2.85183e-05
s	0.00236656	0.0372078	0.555398	0.116768	0.203552	0.0414017	0.0353387	0.0075656	0.000174223	7.26073e-05	0.000141976	3.51083e-06	5.88084e-06	3.43584e-06
e	0.0015834	0.0283016	0.204829	0.115981	0.112794	0.206852	0.227084	0.042281	0.0204101	0.0136771	0.0136406	0.00515922	0.00609038	0.00131656
s	0.00192894	0.0334097	0.441225	0.215435	0.221431	0.0374242	0.0422624	0.00629907	0.000278909	0.000140229	0.000155942	1.57334e-06	4.45818e-06	3.36789e-06
e	0.000694011	0.0202803	0.133416	0.0849799	0.103207	0.252812	0.240848	0.0582065	0.0316353	0.0244895	0.0260027	0.00920488	0.0119185	0.00230551
t	0.000722074	0.0282934	0.298546	0.424028	0.152087	0.0301157	0.058595	0.00583575	0.000910948	0.000504963	0.000350402	1.72879e-06	4.87649e-06	4.00663e-06
t	0.000819102	0.0197388	0.0908665	0.051315	0.0788597	0.289112	0.192009	0.0704974	0.048782	0.0489351	0.0511625	0.0229584	0.0312813	0.00366281
à	0.03049	0.0229978	0.0785866	0.330282	0.230013	0.04735	0.200409	0.0107169	0.0196051	0.0248635	0.00437816	0.000117923	0.000145743	4.4218e-05
a	0.00331311	0.0220897	0.0768812	0.297674	0.303056	0.122748	0.114317	0.0455089	0.00604861	0.0033632	0.00476122	2.72427e-05	0.000114792	9.79562e-05
n	1.12482e-05	0.0198371	0.019586	0.411834	0.00197057	0.00802607	0.0277055	0.0143925	0.31994	0.105901	0.0688112	0.00139278	0.000302738	0.000289523
d	2.41924e-05	0.000836995	0.00472597	0.00635599	0.0520119	0.451943	0.148786	0.139869	0.0201702	0.0189499	0.0405374	0.0454901	0.068199	0.0021004
e	0.00110278	0.00357891	0.0215985	0.156888	0.110916	0.124766	0.312256	0.0413829	0.0853398	0.105275	0.0337726	0.00120363	0.00187868	3.98301e-05
m	9.86709e-05	0.00326267	0.0378481	0.110815	0.269785	0.350236	0.11405	0.0987315	0.00650014	0.00302572	0.00492965	5.49176e-05	0.000492928	0.000169569
i	0.00232826	0.0316319	0.101544	0.0575626	0.0840783	0.210336	0.127195	0.072163	0.0606061	0.0734947	0.101326	0.0260202	0.0487551	0.00295916
n	1.66593e-05	0.00143393	0.00851934	0.0666905	0.137321	0.300036	0.215735	0.144158	0.0466562	0.0251137	0.0500735	0.000703175	0.0026711	0.000872236
d	7.13813e-06	0.000329074	0.00242255	0.00382957	0.0152099	0.097447	0.0814469	0.0615469	0.0392302	0.043436	0.159109	0.222491	0.266987	0.00650785
è	0.000358008	0.00115037	0.00238829	0.0127202	0.0185249	0.0828487	0.102124	0.0496476	0.182086	0.226419	0.191735	0.0556749	0.0720648	0.00225756
l	0.000363449	0.00330949	0.0103672	0.244343	0.157913	0.237564	0.103316	0.11746	0.0289679	0.0121404	0.027117	0.00131991	0.0387248	0.0170941
a	0.0002512	0.00915324	0.0595433	0.0201446	0.0752042	0.212952	0.0918314	0.0893358	0.0244026	0.0341468	0.0964238	0.113289	0.167757	0.00556602
p	1.03558e-05	0.000478711	0.00316602	0.0371514	0.0915256	0.330893	0.165919	0.168547	0.0494167	0.0245151	0.0639794	0.00494754	0.0369771	0.0224732
l	5.76994e-06	0.00199115	0.0142751	0.0355804	0.0134804	0.0243036	0.0322754	0.0494417	0.0680466	0.0936799	0.238842	0.184086	0.242249	0.00174269
è	0.000554443	0.00186538	0.00384416	0.0251913	0.0398716	0.123892	0.193562	0.0635684	0.155843	0.193557	0.136579	0.0339896	0.0264823	0.00119977
o	0.000142828	0.00120504	0.00282438	0.0834272	0.0497033	0.145851	0.0510871	0.0829622	0.034961	0.0130347	0.0363988	0.00770153	0.271252	0.219449
k	4.65911e-06	0.000854304	0.000659115	0.0236906	0.000206877	0.00138864	0.00461803	0.00350456	0.416789	0.208224	0.164483	0.0390994	0.0577522	0.0787255
a	0.000190464	0.00179773	0.00524213	0.0039474	0.0190709	0.139704	0.0632838	0.0542277	0.050297	0.0703597	0.13812	0.205753	0.237182	0.0108241
e	4.5864e-06	0.000161673	0.00076246	0.0110017	0.0102436	0.0636236	0.0709152	0.0527038	0.134304	0.0791106	0.196691	0.0301177	0.214673	0.135687
m	3.05419e-06	0.000249717	0.000263079	0.00617401	0.000176367	0.00121801	0.00494195	0.00254425	0.397835	0.293119	0.215512	0.0158031	0.0322227	0.0299385
è	0.000438626	0.00377691	0.0126309	0.00649389	0.0346126	0.183331	0.0746597	0.059231	0.0429099	0.0655139	0.124423	0.143551	0.238351	0.0100771
c	2.90744e-06	0.000121747	0.000256523	0.0132828	0.000610033	0.00137194	0.00374324	0.00372343	0.14439	0.0936189	0.143068	0.0292633	0.489141	0.0774071
h	0.000275818	0.0182634	0.0358805	0.0591884	0.0463664	0.0432751	0.0265178	0.0868153	0.031482	0.0419319	0.102529	0.200727	0.30361	0.00313731
i	0.000888028	0.00131683	0.00207279	0.00776149	0.00947719	0.0275944	0.0665917	0.0193377	0.198063	0.317566	0.25679	0.0462022	0.0459011	0.000437899
</S>	4.11675e-07	1.56927e-05	7.50817e-05	0.000812377	0.00251038	0.018881	0.00535402	0.0113943	0.00251532	0.0010806	0.00502798	0.00836265	0.107235	0.836735
