 	allora	questo	anno	che	viene	vengo	nuovamente	qui	e	mangio	molti	pasticciotti	</S>
a	3.6e-05	0.000146027	0.000146475	0.000348972	0.000787067	0.00359787	0.0383601	0.00529631	0.0276425	0.056116	0.0597097	0.108246	0.699567
l	0.890366	0.101969	0.00518775	0.00155262	0.000825543	7.35464e-05	3.27289e-06	1.7284e-05	4.29345e-06	1.77666e-08	3.31743e-07	2.08345e-07	3.8364e-09
l	0.222629	0.209995	0.44517	0.105308	0.00569818	0.00161669	0.00563578	0.00275248	0.000961398	3.23709e-05	8.6253e-05	0.000112157	1.73687e-06
ò	0.524601	0.0115094	0.0768164	0.180941	0.181558	0.0228864	0.000877808	0.00055956	0.000174252	7.26926e-05	2.40756e-06	1.2804e-06	9.53698e-08
r	0.567041	0.126621	0.268176	0.0332061	0.00387905	0.000791223	0.000102128	0.000155358	1.37945e-05	1.09302e-07	2.50783e-06	1.03604e-05	1.43471e-06
a	0.0116792	0.0432717	0.320154	0.22616	0.139089	0.0819995	0.120319	0.0180074	0.0266864	0.00564134	0.00269254	0.00350685	0.000793077
f	0.0831387	0.0524623	0.491261	0.214486	0.108417	0.0271584	0.0119201	0.00996677	0.00083255	1.13858e-05	0.000106734	0.000226684	1.21084e-05
è	0.00461695	0.0156469	0.189192	0.290792	0.220501	0.138919	0.0968655	0.0196016	0.0170509	0.00223201	0.00149151	0.00236443	0.000725804
t	0.0515136	0.0877363	0.553236	0.22765	0.051829	0.0186293	0.00394332	0.00468909	0.000640984	8.15009e-06	2.84773e-05	8.77523e-05	7.64726e-06
i	0.00629863	0.0347504	0.301779	0.165744	0.0923828	0.103235	0.180545	0.0222869	0.0448202	0.0322382	0.00730223	0.00703147	0.00158706
p	0.00192855	0.0149169	0.377786	0.30294	0.135631	0.0751338	0.0515067	0.0328148	0.0066679	0.000147598	0.000273797	0.00022035	3.3063e-05
ò	0.000711015	0.0141269	0.157934	0.178967	0.154532	0.209002	0.166788	0.0375923	0.0550219	0.00705224	0.00647327	0.010602	0.00119706
r	0.000813222	0.0353532	0.272178	0.334723	0.149146	0.106379	0.0377245	0.051146	0.0112938	0.000171292	0.000277487	0.000768227	2.56436e-05
k	0.00204857	0.0428202	0.254252	0.124296	0.0821786	0.137172	0.17532	0.0326823	0.0630652	0.0396788	0.0196547	0.0251751	0.00165592
e	0.00217983	0.00022102	0.00325974	0.086412	0.620901	0.249189	0.0149764	0.00990605	0.00834869	0.00451073	4.72108e-05	3.44557e-05	1.40092e-05
t	7.56752e-05	0.0272292	0.19748	0.0969101	0.0338676	0.0960966	0.247174	0.205948	0.0761551	0.00175587	0.00943067	0.00742323	0.000454068
e	0.00175904	0.0134469	0.100085	0.0630162	0.0383993	0.135597	0.343061	0.0577482	0.147534	0.046215	0.0212694	0.025344	0.00652437
è	3.55737e-05	0.00412824	0.0753643	0.116941	0.036546	0.0586386	0.344301	0.208339	0.13992	0.00549045	0.00624201	0.00387824	0.000176345
r	0.00195505	0.334697	0.16626	0.259298	0.0668356	0.0284739	0.00515642	0.0275559	0.0465125	0.0035475	0.0182465	0.0412599	0.000201479
k	0.000637543	0.0119806	0.0584547	0.0511536	0.0611536	0.214584	0.282813	0.0432636	0.084791	0.0661065	0.0561896	0.0668597	0.00201275
o	0.000532372	0.000249425	0.00175635	0.0382444	0.397489	0.43664	0.0533645	0.024493	0.0260999	0.0208101	0.000204224	0.000105216	1.06227e-05
m	1.36998e-05	0.00358994	0.0330147	0.0367778	0.00947991	0.026736	0.423485	0.210344	0.155026	0.00634105	0.0440718	0.0480791	0.00304075
e	0.00173911	0.010247	0.061263	0.0286146	0.0140467	0.0597766	0.399365	0.0612017	0.172497	0.120297	0.0328995	0.0331875	0.00486495
m	2.77041e-06	0.00062879	0.00844765	0.0246822	0.0080263	0.0202717	0.427043	0.183421	0.24867	0.0141667	0.0364346	0.0273801	0.000825229
a	0.000974372	0.00457151	0.0223976	0.0143715	0.0099066	0.0516009	0.407431	0.0544579	0.177632	0.139468	0.0544664	0.0581508	0.00457103
p	1.44199e-06	0.000327074	0.00372355	0.014288	0.00586196	0.0159114	0.39349	0.145207	0.310707	0.0238443	0.0510804	0.0345919	0.000965795
à	3.96258e-05	0.00322777	0.0151204	0.00924028	0.00518277	0.0222267	0.205785	0.0659347	0.217753	0.0865127	0.135874	0.231484	0.00161883
l	2.84838e-06	0.00473206	0.00543715	0.0201638	0.00894297	0.00633168	0.0620522	0.0860438	0.230136	0.00956268	0.087947	0.476457	0.00219018
e	0.0002727	0.0124429	0.0506077	0.0198	0.0213732	0.17043	0.204241	0.0336112	0.0697219	0.096469	0.14265	0.166925	0.0114549
e	7.78724e-07	0.000268945	0.00194503	0.00728764	0.00405402	0.0157063	0.367079	0.124704	0.200978	0.0122325	0.0837271	0.154582	0.0274346
t	3.21309e-05	0.00390299	0.006671	0.021754	0.0136111	0.0170867	0.0593945	0.0519445	0.290998	0.111123	0.245347	0.170705	0.00743006
t	0.000157832	0.00250921	0.0113475	0.0101459	0.0158666	0.157736	0.248107	0.0353918	0.101067	0.0895409	0.144718	0.168408	0.0150055
ù	0.000494803	0.00065783	0.00163124	0.0117052	0.0567765	0.16995	0.161902	0.0459218	0.168421	0.351265	0.0230702	0.0080898	0.000114399
c	1.89975e-06	0.000566289	0.00103243	0.00221816	0.000514062	0.00107099	0.0720523	0.0273431	0.0464558	0.00240774	0.0883736	0.508457	0.249507
e	0.000132713	0.0811204	0.211355	0.0588922	0.0164023	0.0410592	0.0354648	0.0705701	0.0868443	0.0364889	0.0841377	0.276703	0.000829317
t	3.23011e-05	0.00118584	0.00328342	0.0116822	0.0101243	0.0196144	0.236403	0.107715	0.0781617	0.00908477	0.0539912	0.361088	0.107633
r	0.000499005	0.00287492	0.00582464	0.00570246	0.00683397	0.0207676	0.143206	0.0354057	0.13995	0.325007	0.131354	0.180663	0.00191193
ò	0.000215787	0.000483432	0.00097904	0.00572941	0.0258614	0.111409	0.16932	0.0389699	0.156823	0.34482	0.0979674	0.0453502	0.00207083
o	8.87579e-07	0.000367062	0.000298453	0.000459203	8.32639e-05	0.000163225	0.0147518	0.00518546	0.0081471	0.000425186	0.0388328	0.464393	0.466893
p	3.20922e-05	0.0159066	0.0105158	0.0138507	0.00486545	0.00771083	0.0190444	0.0154776	0.108815	0.0335943	0.250078	0.436632	0.083477
o	9.84558e-06	0.000984613	0.00306171	0.00269302	0.00446301	0.0401789	0.0600669	0.0177698	0.0518606	0.0314705	0.220222	0.549267	0.0179523
d	3.75899e-07	9.62026e-05	0.000268489	0.000721036	0.000410461	0.00142548	0.116159	0.0254342	0.0763849	0.00698124	0.105562	0.453457	0.213099
d	0.000112861	0.0450441	0.132871	0.0313727	0.00554733	0.0218813	0.0435297	0.0260837	0.0554418	0.0320154	0.196578	0.389857	0.0196647
ù	0.000271519	0.00117477	0.00221731	0.0116016	0.0613608	0.396902	0.102184	0.0258799	0.0686682	0.116277	0.102303	0.0656623	0.0454977
p	1.21738e-06	0.000231441	0.00012626	0.000246933	5.69309e-05	8.59297e-05	0.00594612	0.00191173	0.00245744	0.000140974	0.014019	0.412357	0.562419
a	2.59065e-05	0.0117405	0.0340818	0.0103111	0.00727595	0.0452385	0.0415746	0.0279707	0.0351944	0.0342326	0.1862	0.558565	0.00758971
s	1.33892e-07	2.86004e-05	7.58552e-05	0.000223213	0.000148274	0.000783494	0.0408191	0.00923492	0.0155317	0.00135738	0.0329943	0.216363	0.68244
t	4.88079e-05	0.00234557	0.00650979	0.00326929	0.00259256	0.0144374	0.113956	0.0363671	0.0703809	0.100536	0.186989	0.446552	0.016016
i	0.000319813	0.000536194	0.000903865	0.00366159	0.0147568	0.0634791	0.124874	0.0230002	0.139915	0.508781	0.0898994	0.0287354	0.00113733
c	6.29669e-08	1.53519e-05	4.73853e-05	0.000127767	5.60334e-05	0.000262184	0.0211657	0.00492193	0.00828057	0.000690263	0.0219554	0.116775	0.825702
c	5.16832e-06	0.00556278	0.0129806	0.00706051	0.00313624	0.00679022	0.0282578	0.0484053	0.0997627	0.0494632	0.163296	0.574485	0.00079441
i	0.000383396	0.000737046	0.00105252	0.00591638	0.0190712	0.0583602	0.165765	0.0372975	0.159456	0.269942	0.121804	0.104504	0.0557111
ò	3.73393e-06	0.000122952	0.000185162	0.000798559	0.000682295	0.00135804	0.0249269	0.00882545	0.0108527	0.00243557	0.0198897	0.195259	0.73466
t	7.13941e-07	0.00272764	0.000369078	0.000265604	3.79305e-05	3.49045e-05	0.00145461	0.000982222	0.00930391	0.00205358	0.0893614	0.806175	0.0872336
t	0.000138493	0.00273409	0.0111449	0.00531817	0.00609644	0.0816377	0.273811	0.0287412	0.0740972	0.121984	0.180396	0.178684	0.0352171
u	0.000278808	0.00045531	0.000776856	0.00437821	0.0195788	0.0678895	0.146186	0.0316914	0.159131	0.440875	0.0924411	0.0353759	0.000941647
</S>	4.04537e-08	6.82382e-06	1.84993e-05	5.18987e-05	2.74221e-05	0.000135363	0.0105491	0.00227299	0.00382366	0.00037518	0.0113551	0.0738259	0.897558
