 	qui	ancora	stanno	con	la	luce	accesa	e	stanno	svegli	</S>
e	2.61269e-05	0.000160619	0.000271163	0.000511558	0.000199718	0.000995912	0.00537902	0.00809241	0.0222163	0.225513	0.736634
t	0.843086	0.153982	0.00114219	0.000467026	0.00126708	4.87988e-05	1.79719e-06	3.44676e-06	1.89007e-06	6.27474e-10	4.05688e-09
t	0.3936	0.53672	0.0155761	0.00347415	0.00316139	0.0454897	0.000260542	0.00100166	0.000673729	3.5776e-05	6.84357e-06
ù	0.861041	0.13492	0.00283603	0.000556966	0.000586275	2.58366e-05	3.29118e-05	4.18487e-07	1.04123e-06	2.64147e-09	2.32539e-10
a	0.574471	0.423797	0.00165539	1.62567e-05	3.63886e-05	2.3344e-05	5.73133e-07	7.09011e-08	2.90485e-07	4.06008e-09	1.35737e-08
n	0.0618132	0.858101	0.0270243	0.00469356	0.0389816	0.00908804	2.20714e-05	0.000224935	5.11023e-05	1.58294e-08	3.37192e-08
k	0.00819426	0.237618	0.0544498	0.0422771	0.101572	0.51217	0.0131394	0.0179722	0.00995627	0.0024769	0.000174324
ò	0.0643192	0.615964	0.158797	0.0791375	0.0711177	0.00177391	0.00860636	7.35026e-05	0.000208551	1.58352e-06	7.2744e-07
r	0.0628714	0.901127	0.0323261	0.000627418	0.00113663	0.00171853	8.90076e-05	9.17208e-06	9.44332e-05	1.47582e-07	2.84743e-07
a	0.0220565	0.0982025	0.0758963	0.0943288	0.0902324	0.417508	0.0460132	0.050606	0.0918438	0.0114409	0.00187126
s	0.0368063	0.387819	0.190418	0.0402477	0.0838836	0.242647	0.00818218	0.000982618	0.00899328	8.53964e-06	1.113e-05
t	0.00418329	0.0611095	0.101361	0.0945678	0.0475828	0.451048	0.0412776	0.0487065	0.143138	0.00553299	0.00149263
è	0.00883507	0.352096	0.295058	0.208942	0.0945027	0.0036776	0.0347661	0.000445728	0.00166933	5.03374e-06	2.55756e-06
o	0.00222198	0.847592	0.130584	0.0030057	0.00336004	0.0101855	0.000775127	0.000145864	0.00212822	6.5243e-07	7.28927e-07
n	0.0026506	0.617877	0.191993	0.025628	0.0946795	0.0558004	0.000350156	0.00746266	0.00354665	1.61981e-06	1.09581e-05
m	0.000424946	0.0307309	0.0195272	0.0252116	0.0843465	0.69668	0.0205264	0.0384024	0.0284792	0.0532859	0.00238533
o	0.00431905	0.165125	0.190261	0.245586	0.195129	0.0297513	0.137789	0.0106846	0.0210936	0.00020676	5.46188e-05
l	0.000408015	0.0889013	0.154585	0.0318858	0.031543	0.515816	0.0210037	0.0144825	0.141204	0.000108446	6.22097e-05
ì	0.00178651	0.024635	0.0635421	0.0446516	0.0129358	0.222583	0.050917	0.10312	0.462366	0.0129829	0.000480526
m	0.000107027	0.552975	0.346936	0.00992413	0.00655783	0.0423077	0.00391103	0.00214075	0.0351233	1.14851e-05	5.87184e-06
o	0.00603701	0.0272411	0.0166676	0.0195911	0.0221836	0.270555	0.0586011	0.0805639	0.151347	0.335789	0.0114237
a	1.65926e-05	0.029937	0.136171	0.02887	0.0155447	0.358588	0.0271104	0.0367946	0.366645	0.000223228	9.99773e-05
n	0.000438481	0.112175	0.213365	0.101549	0.0712934	0.102447	0.0236425	0.202414	0.171535	0.000455639	0.000685381
a	0.000233588	0.00900162	0.0151587	0.0183726	0.0198467	0.371467	0.0286756	0.0753629	0.145385	0.30148	0.0150164
m	1.7267e-05	0.0537509	0.286522	0.0636293	0.0199845	0.215132	0.0314	0.0319228	0.297408	0.000175446	5.88237e-05
m	0.00428388	0.0254278	0.0267474	0.0306601	0.0154377	0.16225	0.0778945	0.109984	0.271341	0.26849	0.00748365
è	0.00126911	0.0649453	0.171316	0.332642	0.111211	0.0139061	0.242532	0.0144937	0.0475796	0.000105307	5.01382e-07
n	1.71197e-05	0.0512993	0.0909007	0.00700922	0.00299677	0.181826	0.0123725	0.048651	0.590378	0.00610868	0.00844073
o	9.60235e-06	0.000570541	0.00311582	0.0054281	0.0102134	0.102867	0.0457357	0.167698	0.407304	0.254495	0.00256303
c	6.70797e-06	0.00791264	0.0415403	0.00941386	0.00487523	0.342009	0.0122736	0.0502632	0.510999	0.00858483	0.0121222
e	3.28685e-05	0.0116509	0.0479347	0.00635883	0.00670737	0.12497	0.0132276	0.116338	0.548584	0.123783	0.000412078
e	3.0371e-05	0.0467472	0.198915	0.0420151	0.0212387	0.308074	0.0197233	0.0267983	0.329414	0.00319439	0.00384926
s	6.92366e-06	0.00623734	0.0450485	0.0216233	0.00975174	0.062882	0.0268095	0.230066	0.562134	0.010117	0.0253242
t	5.47434e-05	0.00153303	0.00540142	0.00633293	0.00316765	0.0834706	0.0264394	0.100754	0.391343	0.373444	0.00805916
è	0.000462469	0.0269267	0.076847	0.178109	0.106025	0.0552766	0.258368	0.11122	0.162556	0.0237802	0.000429517
o	2.28614e-05	0.0606998	0.0970633	0.00576492	0.00194552	0.109118	0.00782526	0.0311133	0.490414	0.0440891	0.151944
n	0.000127408	0.100892	0.227165	0.0194294	0.00952162	0.0249385	0.00934681	0.151923	0.344758	0.0143627	0.0975359
e	6.43868e-06	0.000286412	0.000814732	0.0022406	0.00464322	0.0659946	0.010329	0.030863	0.0545741	0.764228	0.0660195
a	1.03743e-06	0.000993476	0.0125679	0.00570988	0.00181735	0.10242	0.0139305	0.0640123	0.681563	0.0394133	0.0775717
s	3.07899e-05	0.00566771	0.0283845	0.017346	0.00535899	0.0165417	0.0354998	0.260237	0.543389	0.0301968	0.0573472
s	6.7548e-05	0.00127339	0.00331086	0.00413427	0.00317917	0.0656399	0.0199156	0.0689844	0.214462	0.607721	0.0113114
ù	0.000375903	0.00745749	0.0247428	0.0972327	0.0432895	0.0254155	0.309454	0.153241	0.223829	0.112987	0.00197513
n	5.65259e-06	0.00644045	0.0157138	0.00113632	0.000291603	0.022117	0.00287187	0.0228453	0.372862	0.147738	0.407979
n	2.66079e-06	7.78648e-05	0.000194499	0.000349093	0.00163768	0.032923	0.00457785	0.0194618	0.0363924	0.897383	0.00699983
i	0.000156912	0.00250272	0.00874277	0.0390142	0.0202633	0.0266405	0.185906	0.153817	0.227813	0.32414	0.0110045
t	1.39318e-07	0.000106663	0.001101	0.000440488	0.000168674	0.0195102	0.0013829	0.0111994	0.102246	0.0419298	0.821915
i	0.000222125	0.00333616	0.00855537	0.00479781	0.00335692	0.119138	0.0220019	0.0827964	0.379953	0.375255	0.000588168
</S>	2.89116e-07	7.5112e-05	0.0010077	0.000675311	0.000190846	0.016144	0.00461693	0.0355829	0.301474	0.106301	0.533932
