 	questa	canzone	venne	scritta	molti	anni	fa	da	un	nostro	poeta	</S>
t	1.55513e-05	5.70863e-05	0.00182146	0.00833619	0.00352159	0.0289542	0.0113674	0.0170731	0.03111	0.0811425	0.105145	0.711456
ù	0.021977	0.967227	0.000316653	0.000980233	0.00762256	0.00125676	0.00031139	0.000292076	1.14702e-05	7.57005e-07	2.18691e-06	1.94125e-06
s	2.39027e-05	0.999869	1.35931e-05	4.22973e-05	4.64516e-05	1.12116e-06	3.17417e-06	8.4255e-07	5.40424e-09	1.18703e-11	2.13744e-08	9.41822e-10
o	8.4565e-05	0.43287	0.00157339	0.135069	0.249496	0.105688	0.0321337	0.0382124	0.000508753	7.57796e-06	0.00153234	0.00282487
t	0.00112754	0.993462	0.000558952	0.00193726	0.00244502	0.000267369	0.000136349	6.39707e-05	3.12993e-07	3.12264e-08	9.7274e-07	4.26543e-07
r	0.000683503	0.162298	0.0401828	0.3053	0.139847	0.259277	0.0464847	0.0361159	0.00580088	0.000779649	0.00101305	0.00221805
a	0.01939	0.0068621	0.97111	0.00239081	9.41604e-05	5.05728e-05	6.33193e-05	5.04724e-06	3.34895e-05	4.16688e-07	3.68536e-08	4.788e-07
v	0.000297752	0.949391	0.0037508	0.0224571	0.0176641	0.00312317	0.00240411	0.000893865	8.87847e-06	1.89806e-06	4.93201e-06	1.85806e-06
ù	1.65972e-05	0.161183	0.00679405	0.300159	0.211812	0.141681	0.0991775	0.0687464	0.00866603	0.000632459	0.00106912	6.24884e-05
d	3.70726e-05	0.979179	0.000785435	0.00669158	0.0101421	0.0013569	0.00115389	0.000636862	7.25598e-06	8.7196e-07	7.43279e-06	1.71675e-06
i	6.40946e-05	0.595329	0.00707229	0.0793087	0.0918828	0.117398	0.0334418	0.0552895	0.0135854	0.001856	0.00472862	4.33936e-05
ì	0.000851718	0.586005	0.00506632	0.0457883	0.259826	0.0533134	0.0257062	0.022987	0.000284101	1.51435e-05	8.41907e-05	7.31273e-05
r	9.03863e-08	0.975409	0.000609889	0.00413644	0.0165963	0.00028535	0.00140924	0.00143251	6.31246e-05	1.29961e-07	5.71137e-05	6.40184e-07
t	0.000549105	0.0599252	0.0493348	0.224719	0.109905	0.32048	0.0460761	0.0702748	0.0802974	0.0291143	0.00795899	0.00136489
e	0.00159657	0.0014049	0.957024	0.0301673	0.00113384	0.00194826	0.00266664	0.000320213	0.00364247	9.1856e-05	1.14321e-06	3.18678e-06
g	9.87286e-06	0.0396798	0.00502236	0.14792	0.440423	0.184214	0.0944617	0.0864272	0.000485664	0.0010503	0.000257775	4.88025e-05
r	9.37827e-07	0.0566388	0.000927159	0.182762	0.193332	0.173765	0.16824	0.183845	0.0212537	0.00849157	0.0105234	0.000221224
a	0.000700994	0.011188	0.278711	0.204811	0.0888685	0.119813	0.148967	0.0590385	0.08129	0.00603092	0.000478167	0.000103068
m	8.27737e-06	0.0117671	0.00368252	0.106039	0.391409	0.239689	0.107009	0.136352	0.000675039	0.00229291	0.0010119	6.43242e-05
m	0.000157222	0.0188679	0.00373727	0.0937343	0.0524386	0.43348	0.0707211	0.0969764	0.0430321	0.171957	0.0111257	0.0037724
è	0.0030016	0.00199346	0.760747	0.120218	0.00694186	0.0222992	0.0339084	0.00615567	0.0418163	0.00289957	1.85723e-05	5.11636e-07
n	4.83356e-08	0.00215064	0.00121848	0.109123	0.271115	0.19463	0.186898	0.217414	0.00199018	0.00647991	0.00887326	0.000108305
o	1.40387e-07	0.00259508	9.31461e-05	0.0601523	0.0967457	0.286573	0.0981991	0.27616	0.0141543	0.0484732	0.110687	0.00616798
p	5.20789e-07	0.00158708	0.00124301	0.0706907	0.343711	0.252006	0.135513	0.186053	0.000906075	0.00448037	0.00362743	0.000181678
o	5.53451e-07	0.0126146	0.000154242	0.0589326	0.114402	0.182339	0.112782	0.266021	0.0362372	0.0730255	0.142445	0.00104602
d	6.68676e-08	0.000673622	0.00173517	0.10913	0.325595	0.174919	0.171195	0.207084	0.0012325	0.00283199	0.00551591	8.86436e-05
d	1.82974e-06	0.0693418	0.000720557	0.0869395	0.153471	0.227079	0.0964247	0.184901	0.0179875	0.0846337	0.0756223	0.00287648
h	0.000190322	0.00412402	0.513755	0.147441	0.071501	0.0450911	0.0796136	0.0521304	0.0761878	0.0068854	0.00288626	0.000193187
ù	0.000431477	0.00133062	0.190925	0.169225	0.0404218	0.129952	0.122904	0.0712646	0.202019	0.0689521	0.00253801	3.70651e-05
c	6.14683e-07	0.00210473	0.00207024	0.0483303	0.318369	0.16468	0.086215	0.179468	0.00063791	0.0044446	0.170726	0.022954
h	2.99094e-06	0.204943	0.000436739	0.0489543	0.188164	0.122438	0.0512439	0.145905	0.0193722	0.124557	0.0910478	0.00293474
r	0.000395932	0.00202631	0.151626	0.16113	0.0618274	0.147363	0.128406	0.0880422	0.186548	0.0675554	0.00481427	0.000265471
ò	0.000273342	0.000716934	0.0544863	0.102179	0.0273976	0.154252	0.0970511	0.0813399	0.261231	0.206801	0.0139848	0.000286457
n	2.39463e-08	0.000511972	0.000178146	0.0198683	0.153535	0.102843	0.0570464	0.123293	0.000355466	0.00483854	0.407556	0.129973
u	1.22616e-06	0.00168682	0.000155851	0.0304788	0.054339	0.278538	0.0262873	0.0989475	0.010402	0.320173	0.148826	0.0301644
a	1.47167e-07	0.000161903	0.000619248	0.039113	0.224241	0.280484	0.135181	0.231928	0.00172148	0.0108491	0.0653511	0.0103501
m	3.66039e-09	0.00127885	0.000587978	0.0510207	0.0733297	0.0647853	0.168828	0.18547	0.0668569	0.0177395	0.362273	0.00782957
p	0.000230979	0.00517278	0.00885454	0.0623943	0.0390945	0.290033	0.035129	0.0694224	0.084959	0.340163	0.0417668	0.0227789
ì	0.000350158	0.000653708	0.0503305	0.084711	0.0197023	0.115531	0.0802057	0.0637494	0.301088	0.264491	0.0188087	0.000377811
a	7.85875e-09	4.50082e-05	8.8041e-05	0.0169653	0.0672022	0.128968	0.0710444	0.129916	0.00102748	0.013562	0.45654	0.114641
t	2.12599e-09	0.00180306	0.000417029	0.0353246	0.0700118	0.0362596	0.131673	0.149961	0.0605599	0.00691449	0.47683	0.0302453
t	4.95407e-05	0.00242848	0.00267269	0.0434407	0.0364398	0.263238	0.0480723	0.115561	0.0812268	0.258971	0.125755	0.0221445
o	0.000333157	0.000548456	0.0366182	0.0677974	0.0129207	0.095333	0.0664347	0.0530585	0.337723	0.311566	0.0175208	0.000146639
p	2.53543e-08	3.20844e-05	0.000121465	0.0167624	0.0899489	0.173211	0.0744121	0.137402	0.00105398	0.0136847	0.226507	0.266864
o	6.9566e-07	0.00283587	4.46937e-05	0.0152285	0.0477447	0.0904418	0.0421395	0.131703	0.0180739	0.364065	0.286933	0.000789412
è	1.81422e-08	2.15096e-05	0.000101904	0.0151469	0.0524894	0.127853	0.0695247	0.129149	0.00182669	0.0140223	0.451329	0.138535
t	1.10097e-10	0.000534614	7.16919e-06	0.00071564	0.00155567	0.000864617	0.0039168	0.00500476	0.00511982	0.00165262	0.974836	0.00579194
a	9.86991e-05	0.00546052	0.00194015	0.0266859	0.0341707	0.195291	0.0139055	0.0435825	0.0392957	0.546249	0.0632982	0.0300219
d	9.05341e-09	1.83881e-05	3.48078e-05	0.0133062	0.0312305	0.130081	0.0644547	0.109638	0.00205106	0.0341994	0.415097	0.199889
i	3.61361e-07	0.00411934	3.22122e-05	0.00816968	0.0483885	0.0411041	0.0271483	0.110739	0.0133058	0.14329	0.596949	0.00675393
k	2.90884e-07	4.65421e-05	0.00134558	0.0188366	0.0595013	0.0712626	0.0507072	0.0853434	0.00288743	0.00589414	0.419609	0.284566
ò	5.19565e-05	0.00138654	0.000931763	0.0145304	0.0135331	0.0839757	0.0256822	0.0594908	0.104274	0.487906	0.205651	0.002586
m	5.64474e-11	3.11635e-06	6.79202e-07	0.000280867	0.00152608	0.00154401	0.00198102	0.00451694	7.49852e-05	0.000404878	0.898094	0.091573
m	6.71246e-05	0.00330409	0.000901503	0.0176552	0.0239819	0.157321	0.0126527	0.0370395	0.0242487	0.649311	0.0481565	0.0253603
a	0.000356248	0.000496855	0.0340123	0.0623404	0.0113789	0.0864997	0.0628892	0.0516002	0.331768	0.335511	0.0230637	8.37045e-05
</S>	3.14397e-09	2.9869e-06	1.11331e-05	0.00256655	0.0102094	0.033005	0.012413	0.0247326	0.000231587	0.00501041	0.144586	0.767231
