 	pure	che	ti	ho	visto	una	volta	solamente	non	ti	dimentico	mai	</S>
p	0.806622	0.189617	6.7854e-05	0.000859579	2.02627e-05	0.000728861	1.02384e-05	1.81862e-05	0.000231978	7.79676e-06	2.81105e-05	0.000478962	0.00130921
ù	0.99952	0.000397565	2.89156e-05	1.30128e-05	5.57831e-06	1.37137e-05	1.38058e-06	5.14199e-06	1.88281e-06	4.1337e-07	2.88394e-07	5.75568e-06	5.90465e-06
r	0.869954	0.127476	5.33297e-05	0.000627485	9.584e-06	0.000889661	1.30617e-06	0.000534345	1.59535e-05	1.81614e-06	8.17671e-07	2.49025e-05	0.000410954
u	0.339255	0.644377	0.00238645	0.00955198	0.000373061	0.00103834	0.000167676	0.000846207	0.000128297	1.14689e-06	4.06862e-06	0.00145661	0.000414326
k	0.0654901	0.926104	0.00250699	0.00266516	0.000453942	0.00160521	0.000963676	6.13062e-05	0.000118687	1.05749e-05	2.76736e-06	1.71542e-05	4.39436e-07
a	0.0368703	0.738562	0.0626124	0.0848152	0.00808788	0.0203893	0.00366876	0.0147349	0.00304161	0.00465911	0.000777689	0.00273232	0.0190486
s	0.00409384	0.825818	0.0713696	0.0447342	0.00812336	0.0154356	0.0143189	0.000691613	0.0114944	0.000790962	0.000632829	0.00220757	0.00028929
ì	0.00443018	0.569741	0.105678	0.181957	0.0171208	0.0322518	0.00943985	0.0229661	0.00583473	0.00614911	0.00131328	0.00369307	0.0394249
t	0.00158746	0.735188	0.0012789	0.217785	0.000156285	0.0281818	0.000379328	0.0124308	0.000500392	8.62725e-06	2.96202e-05	0.000593029	0.00188156
a	0.00249052	0.680703	0.157494	0.125848	0.0049841	0.0116746	0.00250734	0.0126731	0.000153659	5.78831e-06	1.95865e-05	0.00105566	0.000391577
m	9.36151e-05	0.0243389	0.334636	0.424127	0.104913	0.0339224	0.0689052	0.00139005	0.00512381	0.000158141	0.00102921	0.00128314	7.92748e-05
i	0.00198504	0.0308253	0.521668	0.235581	0.0562932	0.0361934	0.0115568	0.0351058	0.00434952	0.00968731	0.00166921	0.00718735	0.0478981
a	2.11569e-05	0.00277026	0.359499	0.382026	0.150159	0.0184156	0.0472931	0.00121168	0.011403	0.00204429	0.00317784	0.0180154	0.00396386
f	0.000223386	0.00358932	0.078452	0.508676	0.326247	0.0443847	0.0143542	0.0147927	0.00210979	0.000704985	0.000301018	0.00155812	0.00460687
o	0.000701406	0.00414788	0.131228	0.298274	0.41827	0.0298321	0.0520192	0.0219151	0.00288203	0.0154047	0.00441675	0.00319743	0.017712
r	1.5893e-05	0.000620512	0.0567793	0.216967	0.432764	0.0891434	0.127874	0.00517213	0.0158222	0.00296104	0.00545568	0.0364567	0.00996822
à	0.000983523	0.00865319	0.071741	0.237911	0.276476	0.089014	0.0805136	0.0910897	0.0119493	0.0248	0.0119703	0.0127616	0.0821361
s	0.000263828	0.00514478	0.000582322	0.448439	0.00240118	0.371589	0.00296746	0.141543	0.000794638	1.27615e-05	0.000164408	0.00751494	0.0185833
o	0.000768532	0.0128756	0.0516866	0.16013	0.12752	0.305405	0.0388971	0.271417	0.00381982	0.000297359	0.00089425	0.0170327	0.0092554
l	9.47597e-06	0.000138324	0.00774421	0.0132723	0.0757178	0.424247	0.441182	0.0132539	0.00993616	0.000667804	0.0044813	0.00798969	0.00136021
a	0.000280646	0.00308828	0.00843922	0.0323773	0.127686	0.265382	0.178914	0.284587	0.00653518	0.0182177	0.0215463	0.00322496	0.0497221
m	7.27977e-06	9.97442e-05	0.00288583	0.00397075	0.0675645	0.250263	0.592602	0.0210019	0.00934302	0.00437166	0.0126926	0.0247375	0.010461
è	0.000687996	0.00567844	0.00296243	0.0142968	0.0517921	0.119185	0.277505	0.386155	0.00988678	0.0301656	0.0250215	0.0066281	0.0700353
n	0.000102157	0.00102271	6.81801e-06	0.0079153	9.3947e-05	0.628705	0.00365647	0.337902	0.000642537	7.09526e-06	9.63664e-05	0.00731292	0.0125362
t	0.000221912	0.00329644	0.00116078	0.00601579	0.0108755	0.213424	0.0792411	0.650668	0.00961316	0.00211206	0.00220158	0.00936142	0.0118076
e	0.000221316	0.000237663	0.000633264	0.00702164	0.00529968	0.0390476	0.0050604	0.286096	0.00205696	0.000613658	0.0175133	0.169248	0.46695
e	4.19056e-05	0.000222766	0.00105828	0.00148839	0.0237018	0.142468	0.399938	0.0871059	0.170652	0.0554875	0.0596471	0.042816	0.0153719
s	0.000259528	0.00194342	0.00071875	0.00285269	0.00170092	0.0458329	0.144323	0.508107	0.0701802	0.0718502	0.0512019	0.0114637	0.0895655
a	0.00023449	0.000780688	0.00130544	0.00171602	0.00504926	0.00727186	0.0889326	0.172211	0.0135432	0.250663	0.167492	0.0144203	0.27638
l	1.46531e-05	0.000220464	0.000439563	0.000643866	0.00117712	0.00746122	0.0572818	0.0182828	0.169045	0.225362	0.190745	0.235508	0.0938182
l	0.000661087	0.00474777	0.00142452	0.00589967	0.00123864	0.00440234	0.0311044	0.122521	0.0181535	0.200909	0.192082	0.0267414	0.390114
i	1.03218e-05	0.000117808	0.0024769	0.000664384	0.0186336	0.00198074	0.0291615	0.00268019	0.011252	0.0513714	0.235442	0.337729	0.308481
m	2.2037e-05	0.000174491	0.000159951	0.000338661	0.000115694	0.000563094	0.00355178	0.000516456	0.0307833	0.0930804	0.0873418	0.186194	0.597158
o	0.00235134	0.00638032	0.00433437	0.00606117	0.00297332	0.00613702	0.0611481	0.143047	0.0281095	0.174038	0.286288	0.0693533	0.209779
n	1.49132e-05	0.000161849	0.000706007	0.000295094	0.000731561	0.000319546	0.0118709	0.000408182	0.0275269	0.145701	0.509969	0.189952	0.112343
ò	0.00040046	0.00190522	0.00200526	0.00271335	0.000727436	0.00168132	0.0129447	0.00250347	0.011301	0.13312	0.255182	0.0790418	0.496474
m	0.000480509	0.00496957	0.000137866	0.007189	3.73132e-05	0.00303771	0.00101501	0.0219738	0.014576	0.00163895	0.0147742	0.639673	0.290498
à	0.0150989	0.074283	0.00293166	0.0610125	0.000704005	0.0279035	0.00411653	0.487364	0.00848502	0.00793885	0.0643686	0.136857	0.108937
i	0.000486552	0.0017213	3.82972e-06	0.00117421	7.42185e-07	0.00117369	5.01772e-05	0.0050128	0.00440434	0.000718153	0.0027372	0.590444	0.392073
</S>	0.000517785	0.000892925	0.000743839	0.000592433	0.000340218	0.000485506	0.00134522	0.000830081	0.00651974	0.0257497	0.124248	0.232479	0.605256
