 	vado	vestito	</S>
i	0.680395	0.158026	0.161579
p	0.906616	0.0509403	0.0424439
à	0.392875	0.450414	0.156712
o	0.593208	0.272956	0.133836
n	0.223463	0.717592	0.0589454
d	0.102379	0.272588	0.625033
i	0.0688538	0.138052	0.793094
m	0.0198933	0.186141	0.793965
è	0.0118307	0.837455	0.150714
n	0.0009267	0.344623	0.65445
o	0.00332371	0.919602	0.0770745
</S>	0.00019351	0.0544304	0.945376
