 	se	avessi	visto	il	tempo	avessi	visto	le	nuvole	e	non	avevo	uscito	per	bagnarmi	</S>
a	0.935745	0.0233106	0.0396779	0.000124889	5.85522e-05	0.000144856	4.99605e-06	9.31838e-06	2.25688e-05	1.20464e-05	7.10866e-05	2.22516e-05	6.12645e-06	3.75899e-05	6.79566e-05	0.000684124
n	0.920123	0.0750103	0.00101889	0.000590162	0.00106294	0.000430352	1.51721e-05	0.000281692	0.000351452	0.000187355	0.000753892	4.41869e-05	3.55509e-05	7.60985e-05	8.06912e-06	1.11398e-05
ì	0.00404469	0.983387	0.00234865	0.000360166	0.000920561	0.00446263	4.51399e-05	0.000202893	0.00132147	0.000327627	6.8081e-05	0.000452633	0.000900475	0.000138218	0.000286375	0.000733416
c	0.00125437	0.998406	4.92406e-05	3.01768e-05	5.2769e-05	0.000103573	9.63912e-07	1.66463e-06	2.26596e-05	2.58714e-06	8.21169e-07	2.61438e-05	7.88506e-06	2.57196e-06	1.60807e-06	3.66276e-05
h	0.0270478	0.964361	0.00472054	0.0025417	0.00100034	0.000163314	2.65985e-06	2.8369e-05	2.43646e-05	6.03846e-06	2.25301e-05	2.11923e-06	7.13336e-06	3.00669e-06	3.53274e-06	6.56401e-05
a	0.0134345	0.939638	0.0055738	0.0213816	0.01748	0.00089916	4.93497e-05	0.000736175	0.000333444	0.000118974	0.000102191	6.93322e-05	0.000112435	2.36873e-05	1.64711e-05	3.05475e-05
t	0.0254407	0.140703	0.632459	0.167394	0.0286753	0.000490986	0.000233665	0.00180921	0.000598026	0.000235876	0.000208935	4.7774e-05	0.000908753	7.24192e-05	3.64885e-05	0.000685646
o	0.000382305	0.546552	0.330668	0.055147	0.0311233	0.0156727	0.000974322	0.00330312	0.00390545	0.00158282	0.000419898	0.00186563	0.00181743	0.00150756	0.00138094	0.00369694
r	0.0035415	0.0175644	0.291511	0.453093	0.197766	0.0016402	0.000901238	0.0162128	0.00343457	0.0062591	0.00528804	0.000431649	0.000599161	0.00149648	0.000168156	9.28436e-05
ì	0.00122499	0.414827	0.134421	0.0950161	0.127019	0.107615	0.00422476	0.0151588	0.0250606	0.00729367	0.00402618	0.0124887	0.00690411	0.00951576	0.0113622	0.0238421
s	0.000853977	0.499914	0.014152	0.135114	0.0576458	0.24413	0.000292363	0.00334892	0.00804693	0.0044118	0.00111674	0.00813111	0.000153573	0.00100217	0.00104026	0.0206463
o	0.00939058	0.0952025	0.267719	0.502515	0.0864082	0.0222258	0.0016888	0.0077792	0.00391097	0.000948754	0.00066066	8.83646e-05	0.000533952	0.000134251	0.000196365	0.000597103
n	0.000465007	0.000133033	0.0213358	0.34351	0.57947	0.00190955	0.00661916	0.0323776	0.00317985	0.00706761	0.00312784	7.90536e-05	0.000359532	0.000280851	4.19513e-05	4.2953e-05
t	0.000899535	0.0312768	0.0300132	0.187398	0.411521	0.177706	0.0162319	0.0429244	0.0389133	0.013373	0.0021143	0.0129302	0.00615345	0.00783772	0.00529576	0.0154111
a	0.000393803	0.0041417	0.231996	0.225041	0.134743	0.0149138	0.117058	0.0665851	0.0119478	0.0619649	0.00802739	0.00554419	0.00286291	0.0260662	0.0443971	0.0443171
o	0.000314202	0.00025644	0.0109057	0.211539	0.665917	0.00402723	0.0105196	0.0429601	0.00571567	0.0184168	0.00929614	0.00153732	0.00187294	0.00560764	0.00215824	0.00895577
c	0.000247738	0.00131522	0.000442855	0.00847398	0.880518	0.0695245	0.00496599	0.0191964	0.00678443	0.00211092	0.000969546	0.000636693	0.0023643	0.000514156	0.000324145	0.00161154
e	0.000681472	0.00588428	0.00479159	0.0478058	0.730096	0.0829307	0.0189772	0.0551936	0.019143	0.00741074	0.00269021	0.00273029	0.010912	0.00179736	0.00459402	0.00436152
r	0.000292623	0.000175527	0.00212396	0.0328016	0.762458	0.0135336	0.0358387	0.0797658	0.00543871	0.0291075	0.0122669	0.00145273	0.00135447	0.00601111	0.00184897	0.01553
ò	0.000709401	0.0163538	0.0024193	0.0142984	0.229416	0.370626	0.03214	0.118093	0.0588852	0.030714	0.0055352	0.0178018	0.0146632	0.00821097	0.0485191	0.0316151
ì	3.42547e-05	0.00368133	2.54361e-05	0.000775328	0.0441965	0.914382	0.000359404	0.0045761	0.00761018	0.00375743	0.00051469	0.00165575	9.39151e-05	0.000264485	0.00157864	0.0164941
c	0.00402394	0.00171568	0.000229126	0.00644261	0.24601	0.52113	0.110103	0.0753531	0.0181167	0.00251152	0.00276335	0.0017334	0.00159003	0.000291004	0.000233578	0.00775362
h	7.68775e-05	0.0142736	6.45898e-05	0.000193752	0.00984717	0.937061	0.00827101	0.00999675	0.0157033	0.002705	0.000178651	0.000611797	0.00047107	0.000203423	0.0002031	0.000138411
a	7.76619e-05	0.000316258	0.000123175	0.00283573	0.197276	0.647368	0.0430804	0.0617907	0.0218846	0.0146856	0.00411539	0.000946101	0.000901659	0.000366287	0.00079611	0.00343579
t	8.47381e-05	0.000103435	3.20688e-05	0.000123115	0.00695836	0.116461	0.275702	0.452885	0.101196	0.0238779	0.00245697	0.0046504	0.0119624	0.000624418	0.00043736	0.00244461
o	2.92554e-05	0.000594804	6.20574e-05	0.000114634	0.00364145	0.370787	0.24357	0.137176	0.0863202	0.0786429	0.00156373	0.0287406	0.00627176	0.0108864	0.0146571	0.0169419
r	3.36082e-05	2.20046e-05	8.16052e-06	2.76489e-05	0.00415397	0.026101	0.123859	0.639032	0.057803	0.129113	0.00749279	0.00366133	0.00210489	0.00299144	0.000650827	0.00294511
ì	0.000168831	0.00515901	0.000124727	0.000110469	0.00303822	0.252785	0.108235	0.141919	0.134008	0.118706	0.00613119	0.0606012	0.00641202	0.0374364	0.0716769	0.0534884
s	2.15236e-05	0.00159972	2.69118e-06	1.26265e-05	0.000934018	0.890483	0.00334005	0.0240591	0.0407704	0.0112574	0.00204257	0.00398046	0.00024998	0.00052658	0.00104133	0.0196781
o	0.000275198	0.00435339	0.000124807	0.000136609	0.00348665	0.361327	0.124027	0.166125	0.232258	0.0388053	0.0103258	0.012424	0.0181373	0.00879449	0.0123404	0.00705952
n	2.67102e-05	2.32491e-06	2.09086e-05	7.96758e-05	0.00134718	0.00138573	0.110718	0.451528	0.146937	0.224997	0.0319483	0.00296711	0.0221279	0.00441009	0.000533865	0.000970501
t	7.08336e-05	0.00117483	4.79561e-05	3.70458e-05	0.000508157	0.0448706	0.0590221	0.149302	0.34495	0.179211	0.00706692	0.121888	0.011085	0.0284393	0.0271251	0.0252013
a	5.73929e-05	0.00020347	0.000865148	0.000822477	0.00285317	0.0187059	0.557271	0.0639188	0.0359244	0.123279	0.0101979	0.0214624	0.0038109	0.0300093	0.073735	0.0568831
t	4.04893e-05	1.8849e-05	1.46346e-05	2.32113e-05	0.000429495	0.00143617	0.0676143	0.448996	0.145989	0.267588	0.0148958	0.0152869	0.0112628	0.00839948	0.0034887	0.0145159
a	2.38117e-05	0.000419097	3.80138e-05	4.18784e-05	0.000223631	0.00998624	0.0333466	0.117695	0.325138	0.245508	0.00349424	0.111496	0.0281986	0.0247718	0.0397973	0.0598212
s	3.31159e-05	1.91774e-05	7.85438e-06	1.18787e-05	0.000260438	0.000544661	0.0192094	0.274343	0.158958	0.442687	0.0324993	0.0265332	0.0144739	0.0158715	0.00281806	0.0117292
ì	6.83168e-05	0.00137875	4.69033e-05	3.11144e-05	0.000297491	0.0107399	0.0115997	0.0794458	0.321075	0.221131	0.00670542	0.125358	0.0217848	0.0287594	0.103806	0.0677728
n	5.53869e-05	0.0074971	8.61606e-06	1.30917e-05	0.000243247	0.133931	0.00203847	0.055922	0.50355	0.139705	0.0144394	0.0374972	0.00714924	0.00625557	0.00811303	0.0835814
n	0.000201541	0.00476292	9.35482e-05	6.40762e-05	0.000335702	0.0117168	0.00987482	0.0620409	0.60843	0.110136	0.0110211	0.0509363	0.0873098	0.0221771	0.0157266	0.00517195
e	2.1497e-06	0.00467523	7.60858e-06	6.71469e-06	0.000111694	0.277367	0.00317879	0.00533955	0.11709	0.0475385	0.00100669	0.0292153	0.0186816	0.0120461	0.170367	0.313366
f	3.06525e-05	6.65919e-06	2.07951e-05	3.19172e-05	0.000155893	9.53235e-05	0.00942747	0.0606991	0.198568	0.304599	0.0816895	0.0650503	0.191781	0.0550352	0.0154627	0.0173466
a	3.30137e-05	0.000905238	2.84293e-05	1.79691e-05	8.44645e-05	0.00300697	0.00215355	0.0270931	0.288775	0.197432	0.0075621	0.238268	0.0619353	0.0474513	0.0674119	0.0578415
c	4.14825e-05	1.79081e-05	1.34232e-05	1.68365e-05	0.000114212	7.11566e-05	0.00462132	0.0819295	0.124928	0.463843	0.100822	0.0789792	0.0456904	0.0619544	0.00929297	0.0276644
e	4.96065e-05	0.00101589	4.91615e-05	3.27063e-05	0.000120902	0.00131036	0.000604653	0.00638527	0.127813	0.108972	0.00566348	0.376327	0.0916132	0.0660425	0.144508	0.0694924
e	8.32471e-05	5.13201e-05	2.90536e-05	3.13515e-05	0.000172735	7.50134e-05	0.00240296	0.0439882	0.0789806	0.388272	0.12262	0.121683	0.0524514	0.102715	0.0218254	0.0646186
n	8.96448e-05	0.000609621	2.65847e-05	1.82105e-05	0.000105748	0.000470139	0.000165429	0.00448262	0.0767159	0.0683628	0.0295213	0.375145	0.114183	0.113481	0.163811	0.052812
ì	4.49675e-05	0.00106673	7.37234e-05	4.93439e-05	0.000128527	0.00145844	0.00175625	0.0132937	0.178973	0.170392	0.00559647	0.263173	0.0944221	0.0459473	0.180997	0.0426271
c	2.84072e-05	0.0082412	6.18424e-06	4.78672e-06	4.39696e-05	0.0132942	8.23673e-05	0.00317949	0.381128	0.126094	0.021052	0.211206	0.0322057	0.0355173	0.0281447	0.139772
h	0.000294343	0.0392419	0.00014579	8.23824e-05	0.000232241	0.0103637	0.000520328	0.0038538	0.183573	0.0559997	0.0140089	0.343894	0.151057	0.090781	0.0935362	0.0124158
a	9.98199e-05	0.000250788	8.65761e-05	0.000133005	0.000289553	0.000513246	0.0029828	0.0305003	0.180262	0.164893	0.0756525	0.0433851	0.369366	0.0425078	0.0518665	0.0372107
è	7.25826e-05	0.000128679	2.94414e-05	3.27105e-05	8.55188e-05	0.000109414	0.000208303	0.00246035	0.0237396	0.0156827	0.0300382	0.179057	0.34926	0.0786564	0.243019	0.0774201
g	0.00023452	0.00124286	4.20314e-05	3.03657e-05	7.21976e-05	0.0008313	0.000199525	0.00346575	0.121574	0.0520266	0.315004	0.144416	0.109384	0.197683	0.045742	0.00805217
g	0.00021683	0.0295652	8.23927e-05	7.88035e-05	0.000468537	0.0130476	0.000577349	0.00864409	0.273368	0.109579	0.00592487	0.374676	0.0947537	0.0379359	0.0454902	0.00559176
u	1.93698e-06	0.00469183	1.22548e-05	4.58085e-06	3.35351e-05	0.0134276	0.000191411	0.000589134	0.0635323	0.0323933	0.000151492	0.0714023	0.0564747	0.0196942	0.406763	0.330636
o	0.000109134	3.23931e-05	7.82498e-05	8.8948e-05	0.000188312	4.63799e-05	0.00143999	0.00939673	0.0251194	0.0418217	0.0633067	0.0843707	0.208537	0.12613	0.264745	0.17459
n	7.66625e-05	0.000280054	2.35249e-05	2.17755e-05	8.19687e-05	0.000181878	6.57487e-05	0.00107627	0.0125883	0.00866251	0.0196498	0.133434	0.175483	0.0780136	0.450391	0.11997
t	3.71806e-05	0.000664761	5.10872e-05	4.62866e-05	0.000114994	0.000597187	0.000206084	0.00141742	0.0277915	0.0275924	0.00321733	0.379537	0.094727	0.0863379	0.311354	0.0663078
a	0.00012002	0.000164145	0.0013313	0.00087559	0.000483985	0.000185123	0.0130761	0.0113203	0.0442673	0.0992528	0.00562834	0.104275	0.152714	0.109382	0.321454	0.135471
n	4.1679e-05	5.27772e-05	1.81176e-05	1.36073e-05	5.38926e-05	2.76039e-05	6.29514e-05	0.000912709	0.00581851	0.011519	0.0190898	0.101377	0.0449754	0.11647	0.476509	0.223057
a	2.74472e-05	0.000528697	3.3917e-05	2.29066e-05	5.67596e-05	0.000390658	7.22628e-05	0.000477718	0.00759959	0.00746763	0.00249591	0.15621	0.0412338	0.0656377	0.632153	0.0855924
m	8.56314e-05	0.000100518	4.3616e-05	3.4053e-05	0.000111798	3.85055e-05	0.000143022	0.00170288	0.00597109	0.0176992	0.0293449	0.0971253	0.0438021	0.138761	0.414045	0.250991
e	7.16237e-05	0.00326056	4.95743e-05	2.74176e-05	9.96827e-05	0.00110547	7.64699e-05	0.000762683	0.0118433	0.00973186	0.00279196	0.200928	0.0437553	0.0475335	0.616615	0.0613478
g	0.000179031	0.000108743	0.000110567	8.98814e-05	0.000224731	4.35392e-05	0.000307668	0.00271371	0.00514202	0.0201881	0.0372089	0.0767686	0.0413882	0.138245	0.367064	0.310217
r	8.43227e-05	0.00233274	7.97975e-05	4.60952e-05	0.00012181	0.000766259	7.40705e-05	0.000462709	0.00346568	0.00306194	0.00128836	0.0648216	0.0172109	0.0249845	0.832402	0.0487971
à	0.000358161	0.00150609	0.00164478	0.000768121	0.000754624	0.000705332	0.012708	0.0195802	0.0138632	0.0539872	0.00848532	0.0323356	0.0319662	0.0389373	0.385704	0.396696
n	0.000628202	0.0061134	0.000219653	0.000139536	0.000211381	0.0022178	0.000127097	0.00056893	0.00816466	0.00515673	0.0366745	0.0439817	0.038181	0.196881	0.449699	0.211035
i	0.000898494	0.0338021	0.000421095	0.000361254	0.00119997	0.00980388	0.000294465	0.00276255	0.0397296	0.0126186	0.010244	0.113614	0.153493	0.124246	0.480968	0.0155433
</S>	7.17234e-05	2.96315e-05	6.99776e-05	6.6912e-05	9.0486e-05	1.57991e-05	0.000243688	0.00122691	0.00366904	0.00793851	0.0310052	0.0313436	0.0770206	0.0882183	0.362654	0.396335
