 	vuole	pianto	</S>
i	0.991933	0.00352223	0.00454467
t	0.99934	0.000332772	0.00032772
è	0.896185	0.0272879	0.0765272
l	0.963962	0.0328741	0.00316409
i	0.911074	0.0797243	0.00920208
k	0.586829	0.402637	0.0105341
l	0.0294633	0.400697	0.56984
a	0.0185367	0.110568	0.870896
m	0.0477576	0.300026	0.652216
m	0.0146436	0.797133	0.188223
è	0.0112551	0.144125	0.84462
n	0.00019325	0.84185	0.157957
o	0.00444807	0.928712	0.0668402
</S>	0.000680714	0.168285	0.831034
