 	dei	genitori	</S>
à	0.921046	0.0597401	0.0192143
t	0.855745	0.0527189	0.0915363
t	0.826145	0.13226	0.0415955
u	0.0224168	0.603256	0.374328
s	0.0183317	0.981074	0.000594165
g	0.00750624	0.580767	0.411727
e	0.00715535	0.810069	0.182775
n	0.000650543	0.737597	0.261752
i	0.000826165	0.612521	0.386653
t	0.00033376	0.815909	0.183757
ò	0.00038776	0.892716	0.106897
r	0.000402912	0.568508	0.431089
u	0.00115257	0.795107	0.203741
</S>	0.000258045	0.408795	0.590947
