 	i	piccoli	i	bambini	non	possono	mangiare	il	gelato	prima	di	mangiare	prima	di	mangiare	</S>
a	0.984745	0.0134269	0.000370882	0.000798999	0.000118668	2.96356e-05	1.01983e-05	2.36521e-06	1.15171e-05	1.42415e-05	5.46927e-06	1.24841e-05	1.72082e-05	6.218e-06	6.56888e-05	0.000365011
k	0.338575	0.633567	0.00645984	0.0163938	0.00312343	0.000453619	0.000614101	7.88531e-05	0.000105866	1.12551e-05	0.000109531	0.000285591	2.28223e-05	6.81812e-05	0.000109938	2.15584e-05
è	0.0873333	0.177577	0.0434387	0.616499	0.0151909	0.0175894	0.0109287	0.000918052	0.00462721	0.00175661	0.00259877	0.00222654	0.00259872	0.00135015	0.00258038	0.0127863
c	0.00661513	0.642695	0.00517352	0.336093	0.000701525	0.00730557	0.000255398	4.16402e-06	7.10734e-05	5.86767e-05	0.000124327	0.000150645	3.45669e-05	0.000156285	1.56746e-05	0.000545693
c	0.242062	0.565277	0.101302	0.0709341	0.0180855	0.00133296	0.000216796	0.000116251	5.31219e-05	1.37826e-05	1.6512e-05	4.34882e-05	2.24026e-05	5.08873e-06	0.000207495	0.000311822
i	0.0175271	0.0178701	0.127341	0.697899	0.0126618	0.0818995	0.015199	0.000333221	0.00572025	0.00329998	0.000848413	0.000850129	0.00322889	0.000755653	0.00583104	0.0087351
a	0.253435	0.233049	0.432758	0.014457	0.0527413	0.000362984	0.00321369	0.00838789	0.000282743	6.57075e-05	0.000535307	0.000579357	3.77216e-05	4.93487e-05	4.21217e-05	1.86436e-06
a	0.0179075	0.0687596	0.736056	0.115054	0.0573867	0.00229597	0.000690677	0.000547082	7.09701e-05	3.4844e-05	0.000316555	0.000291108	3.17315e-05	5.44885e-05	4.48566e-05	0.000458363
r	0.000636718	0.00613318	0.574445	0.104948	0.305186	0.00553523	0.00149943	0.000639749	0.000136951	4.41504e-05	0.000260931	0.000248997	4.06871e-05	2.87012e-05	7.19871e-05	0.000144086
è	0.00275788	0.00829273	0.623325	0.0552046	0.033484	0.14196	0.0462074	0.00678065	0.0167371	0.00732998	0.0172643	0.0173052	0.00400809	0.00525897	0.00524243	0.00884227
t	2.32834e-05	0.00563727	0.0343565	0.88046	0.00858002	0.0657919	0.00059284	3.21967e-05	0.000476907	0.000332125	6.82442e-05	0.000166467	0.000390119	0.000127966	0.000345032	0.00261954
i	0.00238828	0.0252288	0.784702	0.0278467	0.135536	0.00768505	0.00912934	0.00540662	0.000241462	4.25048e-05	0.00032622	0.000443164	4.02638e-05	2.28443e-05	0.000685344	0.000275677
e	0.00203146	0.0102161	0.202847	0.0060823	0.619852	0.0345765	0.0626598	0.0419405	0.00494628	0.00143571	0.00570993	0.00414779	0.00140814	0.000690703	0.000962211	0.000493963
s	0.000713195	0.00404467	0.0674158	0.00831489	0.500716	0.33767	0.0483848	0.01011	0.00367539	0.00149046	0.00475872	0.00560788	0.000984286	0.000676875	0.00140979	0.0040273
ò	0.000813577	0.00096007	0.0595203	0.00103199	0.0219684	0.645119	0.120669	0.0179501	0.0310182	0.0141614	0.0256476	0.0256129	0.00776591	0.00965401	0.00866862	0.00943873
z	7.89903e-06	0.000535523	0.0049471	0.025212	0.0197045	0.904612	0.0200662	0.000361145	0.00306678	0.00206112	0.000357708	0.000600277	0.0016519	0.000355617	0.00196838	0.0144919
u	0.00192841	0.01132	0.154433	0.00622282	0.26217	0.127543	0.296074	0.10107	0.00490284	0.00156327	0.0110965	0.00861397	0.000673692	0.000424441	0.00765161	0.00431301
n	0.000207361	0.000480839	0.0137697	7.64708e-05	0.0370989	0.0153898	0.691073	0.20195	0.015408	0.00414028	0.011599	0.00459792	0.00150176	0.000678645	0.00103666	0.0009917
f	0.000654461	0.0013882	0.0105271	0.000668806	0.00725654	0.344027	0.410788	0.0618728	0.0178712	0.00821077	0.0552413	0.0449773	0.00293113	0.0120533	0.00491782	0.016614
à	0.000398633	0.000290338	0.0166675	0.00036055	0.00426773	0.07696	0.260802	0.0716382	0.130216	0.115546	0.0669119	0.033806	0.0565716	0.02178	0.0232316	0.120552
i	3.80017e-05	0.000171342	0.00198297	0.00831416	0.000843835	0.709618	0.119674	0.000916805	0.0248736	0.0038705	0.00212087	0.00472228	0.00668264	0.00175276	0.0496742	0.0647445
o	0.000296366	0.000413405	0.000948611	9.58385e-05	0.00195191	0.00206521	0.397909	0.575929	0.00751674	0.00169417	0.00819475	0.00138637	0.00024883	0.000130194	0.000317853	0.000901589
g	0.000172332	0.000516322	0.00087429	0.000602494	0.00154922	0.0214375	0.518671	0.268718	0.127302	0.0128844	0.0238665	0.0129736	0.00300503	0.00118598	0.00405477	0.00218626
e	0.000370544	0.000331162	0.00137484	0.000320463	0.000911623	0.0274964	0.374771	0.145367	0.208294	0.0785472	0.0575674	0.0262844	0.0213617	0.0099093	0.0214959	0.025597
l	0.000134325	0.000220799	0.000459189	5.76677e-05	0.000888027	0.00145177	0.127989	0.209227	0.346597	0.092835	0.14193	0.030573	0.0130284	0.00627579	0.00265367	0.0256795
à	0.000593306	0.000816518	0.00196989	0.000579162	0.000624391	0.0148998	0.088032	0.0800391	0.267186	0.0685054	0.195721	0.112335	0.022565	0.0382856	0.0457103	0.0621371
o	3.60888e-05	0.000377462	0.000466483	0.00804706	0.000282957	0.0241436	0.149658	0.0101747	0.450964	0.0676696	0.027957	0.0227025	0.0124245	0.00452158	0.0492042	0.171371
p	0.000289187	0.000378231	0.000387996	0.000120917	0.000325225	7.01591e-05	0.0111614	0.129321	0.140078	0.116166	0.494103	0.0851976	0.0102318	0.00425883	0.00346468	0.00444591
r	0.000132307	9.51989e-05	0.000298225	0.000104984	6.8167e-05	0.00293663	0.029272	0.03533	0.338349	0.153463	0.198282	0.0574888	0.0231275	0.0205587	0.048898	0.0915949
ì	0.000114157	9.47244e-05	0.000344655	8.04994e-05	0.000392043	0.00161617	0.0361027	0.0247914	0.210685	0.257903	0.0591967	0.0258831	0.0575019	0.018288	0.0698609	0.237145
m	0.000107726	0.000777555	0.000432109	0.000635229	0.000462162	0.000485882	0.00479961	0.0120217	0.232439	0.0965377	0.187264	0.301444	0.0235748	0.00980696	0.103238	0.025974
a	0.000486481	0.00123121	0.00207591	0.0148471	0.000495176	0.00698636	0.0134733	0.0147901	0.107899	0.0345159	0.453043	0.240669	0.00786844	0.0210888	0.0654345	0.0150953
k	5.47064e-05	6.60245e-05	7.0335e-05	5.50782e-06	7.88907e-05	7.93593e-06	0.000776301	0.0142886	0.0596987	0.138895	0.310862	0.253096	0.128105	0.0632595	0.0171936	0.0135428
a	0.000282308	0.000363525	0.000704895	0.000218146	0.000132451	0.001292	0.00152042	0.00198975	0.0136068	0.0235425	0.377916	0.237244	0.0291065	0.150814	0.0628104	0.0984573
n	6.47099e-05	7.3107e-05	8.44022e-05	1.1347e-05	7.98896e-05	1.38989e-05	0.000324015	0.00460238	0.0355023	0.112134	0.322109	0.190245	0.155526	0.0974501	0.0185816	0.0631977
a	0.000107789	0.000115392	0.000241259	4.78855e-05	4.45091e-05	0.000389784	0.000737246	0.00099891	0.0109906	0.0234036	0.238334	0.231175	0.045199	0.216014	0.0895244	0.142677
f	7.63503e-05	8.59994e-05	0.00010408	1.68187e-05	8.89418e-05	1.83306e-05	0.000277113	0.00258402	0.0178808	0.0626523	0.204752	0.171384	0.207938	0.184135	0.0428411	0.105165
a	0.000327922	0.000277194	0.000610732	0.000130608	8.33144e-05	0.000883729	0.000970014	0.000961907	0.00356943	0.00936987	0.125538	0.127302	0.0510597	0.355713	0.180946	0.142256
n	9.3139e-05	0.000109876	0.000127314	2.12872e-05	0.000112953	2.08467e-05	0.00023434	0.0018434	0.00941423	0.0312964	0.130854	0.139909	0.189686	0.26012	0.0640704	0.172087
e	0.000144604	0.000143727	0.000303711	6.9936e-05	6.06247e-05	0.000432311	0.000640439	0.000518094	0.00363153	0.00824921	0.0770706	0.109643	0.0487428	0.337154	0.22784	0.185356
p	0.000130136	0.000135762	0.000167034	2.38839e-05	0.000130599	2.42283e-05	0.000256433	0.00176226	0.00597907	0.0197927	0.070416	0.0877333	0.18473	0.289261	0.100582	0.238875
r	9.18608e-05	7.92013e-05	0.00017039	5.61628e-05	4.15126e-05	0.000280313	0.000442157	0.00041698	0.00414036	0.00900422	0.0406469	0.0632901	0.0600047	0.228206	0.368856	0.224274
ì	0.00021866	0.00015577	0.000285106	4.48902e-05	0.000157123	0.000109605	0.00188205	0.0191861	0.0734859	0.12576	0.0549212	0.0377792	0.144898	0.0665462	0.144218	0.330352
m	6.37881e-05	0.000297866	0.000208272	0.000390671	0.000178778	0.000253854	0.000260481	0.000244676	0.00117299	0.000826412	0.00451321	0.0430471	0.029094	0.0689446	0.745993	0.10451
a	0.000731094	0.00162731	0.00314164	0.0295305	0.000430563	0.0123931	0.00316051	0.00045983	0.00148286	0.00116893	0.0274325	0.0628616	0.00711589	0.240092	0.575212	0.03316
n	0.00010571	0.000115063	0.000114931	1.27983e-05	0.000106237	7.42597e-06	0.000146746	0.00168063	0.00230435	0.00543234	0.0189135	0.0432748	0.152572	0.258827	0.225351	0.291036
a	0.000112993	0.000131708	0.000251794	4.78819e-05	3.92183e-05	0.000334096	0.000361145	0.000135146	0.00083412	0.00107545	0.0111028	0.0301137	0.0124178	0.362315	0.347575	0.233152
f	7.23892e-05	7.26909e-05	9.29821e-05	1.70103e-05	6.61949e-05	1.39614e-05	0.000116533	0.000280085	0.00133863	0.0038432	0.00969245	0.0192789	0.0655027	0.212678	0.225231	0.461703
à	0.000308537	0.000285484	0.000567572	0.000127377	6.91772e-05	0.000842437	0.000646082	0.000219976	0.000544222	0.000872487	0.00760999	0.010543	0.00618567	0.208186	0.374724	0.388268
n	3.21467e-06	1.26116e-05	2.7338e-05	0.00118276	1.20794e-05	0.000295257	7.25365e-05	3.4289e-06	0.000884324	0.000777179	0.00130518	0.0134701	0.0299471	0.0579699	0.696952	0.197085
e	9.07259e-05	0.000224494	0.000298257	0.000249663	8.02779e-05	0.000344483	0.000329175	0.000109785	0.00066044	0.000661867	0.00966764	0.0525354	0.0111286	0.22492	0.658799	0.0398996
</S>	2.32166e-05	2.39874e-05	2.75268e-05	9.32258e-06	1.90647e-05	5.43578e-06	3.98322e-05	9.99114e-05	0.000487023	0.00106268	0.00137493	0.0044832	0.0390934	0.056375	0.4111	0.485775
