 	se	avevo	visto	nuvole	avevo	capito	che	stava	per	piovere	</S>
a	0.914299	0.0447723	0.0387557	0.00185675	3.87709e-05	7.29895e-05	6.37618e-06	7.74595e-06	1.47888e-05	3.86943e-06	0.000171422
n	0.727697	0.26594	0.00117294	0.00370731	0.000273908	0.000900911	6.8476e-05	6.57649e-05	8.07284e-05	8.66088e-05	6.60279e-06
e	0.00126751	0.982038	0.00149685	0.00637279	0.00515934	0.00226249	0.000312644	0.000603484	0.000108305	9.46337e-05	0.000283489
v	0.0541083	0.938789	0.00189831	0.00261271	0.000644298	0.00146809	0.000285342	3.80681e-05	0.000152413	2.86103e-06	8.38985e-07
ò	0.000834086	0.978985	0.00140975	0.00493053	0.00252578	0.00641759	0.00180588	0.000871882	0.000840299	9.77051e-05	0.00128171
ì	0.000659293	0.995417	7.17791e-05	0.00327807	0.000138663	4.69149e-05	2.56884e-05	0.000151757	2.19168e-05	4.64567e-05	0.000142632
c	0.271461	0.459405	0.240981	0.0210998	0.000297815	0.0040013	9.8393e-05	0.000121152	0.000108071	0.000433324	0.00199428
h	0.0012851	0.980931	0.00551774	0.0114629	0.000286338	0.000167964	1.83977e-05	1.51658e-05	4.89205e-06	0.000298424	1.2439e-05
a	0.00866322	0.711651	0.102481	0.172779	0.00265491	0.000708541	0.000260519	0.000251374	0.000147408	4.85673e-05	0.000353925
d	0.00319684	0.0600105	0.686306	0.225363	0.00893176	0.0138346	0.0010986	0.000345131	0.000335775	1.51627e-05	0.000563415
ò	0.000636733	0.251017	0.313682	0.265428	0.0742108	0.0148507	0.0359928	0.0155216	0.0112334	0.000612011	0.0168143
n	0.000181264	0.183214	0.0170884	0.783151	0.0063645	0.00107836	0.000230353	0.00236133	0.00014449	0.00143306	0.00475283
t	0.00257223	0.0968768	0.364195	0.464744	0.0224394	0.0446291	0.00205327	0.00094666	0.000301013	0.00111372	0.000129001
a	3.48276e-05	0.589343	0.0173089	0.070264	0.135391	0.0025077	0.0056961	0.0216898	0.000484931	0.110375	0.0469039
s	0.000709368	0.00138393	0.114366	0.77569	0.0603964	0.0372435	0.00786618	0.00074927	0.001517	1.6958e-05	6.10918e-05
ì	0.000287071	0.0115794	0.0541147	0.600383	0.160577	0.0615517	0.0547835	0.0294631	0.00772761	0.00133074	0.0182018
n	4.08974e-05	0.00659148	0.000613496	0.975153	0.0116249	0.000715744	0.000202052	0.0010605	5.33048e-05	0.00202294	0.00192181
d	0.000341015	0.00441056	0.0146468	0.844058	0.0636121	0.0586435	0.00826052	0.00361901	0.000629419	0.00155094	0.000228679
e	0.000459322	0.186098	0.0613433	0.242651	0.175282	0.0221864	0.0136645	0.0263844	0.00214652	0.220889	0.0488968
k	0.000162395	0.000265522	0.00186602	0.126927	0.682699	0.141821	0.0358322	0.00732903	0.00254816	1.17462e-05	0.0005382
a	0.000136179	0.00163547	0.000678103	0.280577	0.603381	0.0328095	0.0401435	0.0169129	0.0066649	0.000776464	0.0162852
ì	0.000256499	9.3072e-05	0.00107025	0.0728714	0.532529	0.303375	0.0686731	0.00269813	0.0066741	0.00226412	0.00949487
c	0.000642843	0.00124032	0.000216494	0.0263367	0.485137	0.459171	0.0186003	0.00699848	0.000835727	0.000728308	9.3096e-05
h	0.000131405	0.0130333	0.000156566	0.0464075	0.828993	0.031507	0.030202	0.0369114	0.00275597	0.00969021	0.000211715
a	0.000425459	0.00102979	0.00114868	0.125714	0.71441	0.0870003	0.028365	0.010819	0.00182245	0.0171656	0.0121003
a	0.000163457	0.000149122	0.000100692	0.00248378	0.211471	0.480348	0.233834	0.0654422	0.00372755	4.69371e-05	0.00223276
n	0.000365937	0.000967148	8.21359e-05	0.00240815	0.1394	0.303969	0.391583	0.143942	0.0151964	0.000263545	0.00182206
o	0.000159966	0.00285071	0.000322517	0.00422636	0.219759	0.048091	0.426043	0.210603	0.051415	0.000564528	0.0359638
ì	0.000132759	6.91351e-05	2.83024e-05	0.000402009	0.0315491	0.368123	0.499653	0.054081	0.0185283	0.0155656	0.0118685
s	0.000785203	0.0119958	0.000187405	0.00191961	0.0277512	0.233578	0.138253	0.52716	0.0144721	0.0430586	0.000838903
o	0.00021324	0.00517673	0.000130258	0.0091376	0.300456	0.116285	0.294309	0.252263	0.0100182	0.0114635	0.000547694
n	0.000313709	7.16133e-05	0.000109152	0.000820384	0.0163571	0.198438	0.36102	0.147637	0.175012	0.0640618	0.0361591
t	0.000143884	0.00202824	0.000100749	0.00138504	0.0130368	0.0192206	0.260638	0.626748	0.0570072	0.000840284	0.0188515
a	0.000412888	0.00101355	0.00535892	0.00299138	0.0745755	0.0265303	0.291068	0.044944	0.106831	0.103047	0.343227
k	0.000300917	0.000106139	8.46879e-05	0.000397959	0.00745207	0.116881	0.414802	0.182069	0.105424	0.0290262	0.143455
a	0.000138258	0.00203066	0.000158082	0.000963381	0.0094409	0.0114774	0.198445	0.655755	0.0661978	0.00247881	0.0529149
ì	0.00038933	0.000123467	0.000136143	0.000169919	0.0026007	0.099207	0.296746	0.125901	0.146059	0.200075	0.128593
c	0.000654544	0.00460352	9.04095e-05	0.000814466	0.00131492	0.0163341	0.0306533	0.531243	0.100741	0.310617	0.00293303
h	0.000117469	0.0209381	6.50142e-05	0.0018214	0.00878179	0.00861643	0.0626285	0.693437	0.0227342	0.177806	0.00305393
e	0.000601618	0.00166901	0.000461157	0.00226329	0.0168012	0.0495657	0.0737441	0.13309	0.0628755	0.4923	0.166628
n	0.00067392	0.000682144	0.000308119	0.000824077	0.00243966	0.0204919	0.0568221	0.239085	0.458974	0.0176627	0.202036
a	0.000346946	0.00828126	0.000394064	0.00332389	0.00633353	0.00321784	0.0548365	0.481124	0.239193	0.01719	0.185759
v	0.000150477	6.87852e-05	3.68192e-05	7.05216e-05	0.000233725	0.00546529	0.0249828	0.0225153	0.212894	0.575929	0.157654
r	0.000344878	0.00747668	0.000272439	0.00276193	0.00397844	0.00155975	0.0263818	0.276552	0.271293	0.0496048	0.359775
è	0.000346925	0.000187311	0.000788407	0.00016606	0.00214357	0.026728	0.0639609	0.00664149	0.0189271	0.228424	0.651686
t	0.00027071	0.00177647	5.74032e-05	0.000401192	0.000300686	0.00159418	0.00353579	0.0273589	0.060716	0.852207	0.0517821
s	0.000104137	0.0024349	6.40543e-05	0.00094771	0.00122329	0.000863904	0.0123231	0.108172	0.224827	0.633043	0.0159962
i	6.76624e-06	0.00268134	3.09973e-05	0.000172512	0.00350954	0.000820803	0.0111378	0.0454348	0.00552549	0.343453	0.587227
</S>	0.000106315	6.76392e-05	3.96799e-05	0.000115258	0.000286186	0.0026039	0.00795634	0.00882094	0.0561801	0.0134101	0.910414
