 	i	bambini	non	possono	mangiare	non	possono	mangiare	il	gelato	prima	di	mangiare	</S>
a31	0.011167783	0.0033244428	0.0022798737	0.00793293	0.008531157	0.017745933	0.03254155	0.19890022	0.1283168	0.0009818154	0.0020154421	0.06555619	0.2148603	0.30584553
a27	0.0017445296	0.0016634357	0.0003511418	0.0016228503	0.010260692	0.0013928991	0.010058999	0.5191839	0.43439463	0.017595734	3.04598e-05	0.0009165887	0.0006788785	0.00010528116
a20	0.007842559	0.31718612	0.050955255	0.08084482	0.07423728	0.016524697	0.008249145	0.20149909	0.11909284	0.1166986	0.00048915244	0.0016051913	0.0030546617	0.0017205756
a31	0.083240695	0.12101439	0.060868837	0.06562706	0.12605017	0.14441714	0.06961211	0.062146366	0.11549967	0.11432199	0.0011908814	0.00771175	0.01519024	0.013108649
a37	0.039997213	0.04009804	0.020053009	0.043493234	0.081264734	0.026607044	0.084664986	0.2888224	0.24687779	0.08915675	0.00054572034	0.0049935547	0.012462471	0.020963028
a31	0.17594515	0.08356681	0.013633998	0.013695979	0.017450027	0.026583461	0.05121595	0.2259327	0.29994512	0.003533826	0.0019931246	0.012107609	0.03982814	0.034568097
a27	0.09415603	0.077779055	0.03243798	0.05988307	0.05823738	0.056144476	0.09004717	0.17536576	0.29372272	0.027627518	0.0025673711	0.0042415755	0.011192064	0.016597811
a37	0.15267387	0.024218425	0.0044088126	0.008144279	0.016038513	0.02756341	0.09833658	0.30551448	0.20330355	0.00066498015	0.00076883903	0.019749695	0.0623509	0.07626362
a31	0.1956465	0.08673063	0.02022355	0.032406427	0.050028715	0.061182983	0.083329245	0.17420022	0.25899133	0.00382176	0.002556751	0.004699294	0.011117995	0.01506454
a22	0.05689749	0.047930997	0.02828649	0.049683932	0.06676198	0.066543564	0.10197077	0.22670525	0.2903927	0.016217561	0.0052989824	0.006984139	0.016056342	0.020269806
a31	0.047374144	0.01317828	0.0050249845	0.01142512	0.010277005	0.027324237	0.14056738	0.40345287	0.14280999	0.0033679765	0.0009639462	0.012525347	0.05953257	0.1221762
a20	0.0446458	0.055489786	0.060373344	0.14175652	0.102300085	0.046717998	0.065084144	0.24279533	0.14914185	0.037731413	0.004010875	0.0044608624	0.02176126	0.02373073
a31	0.0409425	0.010699165	0.0029106585	0.0063750204	0.00815135	0.03165318	0.16848491	0.5062857	0.14567214	0.0017841161	0.000594353	0.006578088	0.021602068	0.048266627
a37	0.016584782	0.021589292	0.032084923	0.08349216	0.0753503	0.029411852	0.046581622	0.4366907	0.17524283	0.023805955	0.0026693856	0.004436496	0.026971592	0.025088195
a31	0.010373223	0.0044647534	0.0013116777	0.0033252279	0.0053198845	0.011393299	0.07636581	0.7177767	0.1546314	0.0035366295	0.00022628199	0.001852827	0.0035440368	0.0058781505
a3	0.0042994088	0.006688414	0.011802482	0.033175968	0.03890411	0.010580676	0.021801531	0.6412757	0.17751224	0.015262481	0.001158176	0.0030749207	0.01968932	0.014774533
a31	0.0068027535	0.003961787	0.0009748951	0.0026418893	0.0057992917	0.0079673445	0.067196056	0.7421504	0.15010843	0.006740757	0.00017477707	0.0015007592	0.0018991721	0.0020816752
a18	0.00160678	0.0024450237	0.0049647414	0.015109806	0.020500125	0.0050447187	0.01369057	0.7361004	0.15843287	0.010104541	0.0005825102	0.0028782508	0.017319052	0.011220594
a31	0.0055925483	0.0042942003	0.0007827931	0.0020945591	0.0063306997	0.005911011	0.06665876	0.7223987	0.16884129	0.01213916	0.00017681535	0.0018020414	0.00176835	0.0012089867
a39	0.0013827467	0.001691813	0.00411543	0.013085536	0.014819952	0.0045147897	0.01423922	0.7604767	0.13228154	0.009156467	0.00054141704	0.004087643	0.02366404	0.01594267
a8	0.006264918	0.005137345	0.0012105319	0.002946676	0.008249417	0.0064197527	0.062867306	0.71726745	0.1633521	0.020534199	0.00032526758	0.0022550242	0.001954459	0.0012155179
a21	0.16532888	0.02728443	0.009665622	0.025293918	0.03695472	0.16126418	0.41514316	0.071012735	0.016021986	0.001112351	0.0021382682	0.018279055	0.022135088	0.028365636
a31	0.112162255	0.024618484	0.0139825	0.03728432	0.039691605	0.15541683	0.41276655	0.07554659	0.01915199	0.0025814113	0.003607761	0.026839884	0.034586236	0.041763548
a28	0.015241593	0.011053157	0.036134988	0.10976355	0.0486731	0.040268842	0.09628722	0.2367806	0.051789127	0.017212583	0.0039399825	0.019858813	0.15475422	0.1582423
a37	0.08410618	0.05591299	0.03224862	0.04586872	0.03847769	0.05214597	0.22075078	0.24719897	0.10566798	0.04209006	0.012084009	0.016887553	0.020559827	0.026000716
a20	0.080331005	0.03483825	0.025158372	0.049905397	0.03198792	0.100160785	0.45227045	0.060095526	0.01878451	0.012280825	0.0079542715	0.026935503	0.038181994	0.06111517
a31	0.16105154	0.10629376	0.042664483	0.0828578	0.021833487	0.08407823	0.24069768	0.03391985	0.02735077	0.020539515	0.013799971	0.03705114	0.064308316	0.0635534
a28	0.019444192	0.032663852	0.092862	0.20196955	0.05692631	0.04555264	0.1798998	0.022615666	0.009042664	0.045795698	0.0060803327	0.0108005665	0.097963296	0.1783834
a20	0.1191561	0.12783071	0.097691126	0.12882593	0.058755346	0.056625083	0.13723497	0.039296582	0.0628612	0.068914525	0.033598304	0.020402437	0.024875876	0.023931747
a31	0.12602417	0.15678757	0.07620694	0.14648087	0.028193906	0.047162894	0.20853627	0.020512814	0.02446368	0.04797171	0.020673422	0.02201346	0.03004072	0.04493153
a20	0.03411631	0.067943566	0.14429101	0.2559077	0.047937028	0.025717098	0.09227195	0.008665102	0.007847282	0.08243453	0.008990161	0.014389874	0.080364905	0.12912348
a17	0.08452926	0.15228172	0.13026042	0.18745625	0.057276253	0.0469766	0.093787454	0.025563447	0.050260298	0.07958605	0.035684373	0.018565675	0.020349415	0.01742275
a13	0.10047238	0.16581628	0.08764627	0.22080211	0.033540733	0.039825745	0.09799792	0.02712722	0.03185461	0.059058134	0.030442763	0.028637085	0.032874502	0.043904267
a31	0.09305083	0.12631172	0.07811938	0.20961092	0.03889723	0.043658823	0.08289952	0.03690894	0.039943796	0.07384974	0.039584447	0.038056377	0.04319959	0.05590869
a13	0.01426947	0.084173456	0.1611199	0.44946423	0.031528946	0.011264894	0.0256462	0.0085334405	0.0066287597	0.058279566	0.011720967	0.008967206	0.05596679	0.07243622
a28	0.05717735	0.14877169	0.113103785	0.251631	0.04251995	0.037372086	0.061992314	0.030749707	0.05522151	0.07450167	0.0377631	0.027168993	0.03103554	0.030991353
a31	0.037953593	0.09526712	0.12021641	0.37711084	0.04348563	0.027087761	0.03685393	0.02628432	0.02581559	0.1006344	0.03379083	0.022864716	0.02588215	0.026752729
a41	0.021348158	0.06984548	0.10153351	0.32024178	0.02721362	0.014946373	0.025721783	0.012920658	0.0123593975	0.06365255	0.017045869	0.023501616	0.13270533	0.1569639
a8	0.055761572	0.1282995	0.10085703	0.25093153	0.048862237	0.045340672	0.060771197	0.03892065	0.04946415	0.06294952	0.04291524	0.03715776	0.038890004	0.038878955
a33	0.07856123	0.07972902	0.07176203	0.09818703	0.063934185	0.066333346	0.07687688	0.06439263	0.06411027	0.06959688	0.063558	0.06488565	0.066395625	0.07167722
a31	0.08594276	0.0780172	0.06891773	0.08464569	0.06418266	0.06773134	0.07858682	0.066031985	0.06475284	0.067163505	0.06391281	0.06662481	0.068543985	0.07494588
a20	0.029677266	0.06488098	0.08284613	0.2309044	0.037938263	0.026448727	0.034062102	0.02603679	0.024403103	0.06852615	0.030032307	0.03183481	0.14238827	0.17002068
a33	0.057826452	0.11257206	0.09079246	0.21839423	0.051815525	0.049125746	0.06111746	0.046835627	0.059188623	0.06570742	0.048098814	0.043784443	0.046909742	0.047831398
a24	0.076957434	0.07622758	0.07190221	0.08496797	0.06759949	0.068494774	0.073121205	0.067577966	0.06751406	0.07099678	0.06746991	0.067767575	0.06856339	0.070839606
a31	0.078094795	0.0736823	0.06960603	0.07682395	0.06752858	0.06984168	0.07669467	0.069039196	0.06802409	0.06874853	0.067172624	0.06930729	0.07054066	0.074895605
a20	0.040343143	0.06284086	0.07353681	0.14950295	0.046903063	0.038174856	0.044120047	0.038366467	0.0368473	0.070783496	0.04159552	0.043694284	0.14324127	0.17005001
a31	0.058350444	0.104014374	0.08589918	0.19638719	0.053686097	0.051544107	0.062045764	0.051173724	0.06453806	0.068930626	0.051681433	0.047728278	0.05135285	0.052667897
a13	0.04551298	0.034204748	0.034751084	0.07253047	0.018225698	0.014818604	0.020800749	0.017060857	0.030474253	0.10847236	0.033818893	0.10696066	0.2284669	0.2339018
a3	0.06454202	0.09509427	0.084212385	0.15946752	0.06261643	0.060894813	0.0666757	0.057149876	0.058743652	0.062143844	0.057854872	0.056548737	0.05706361	0.056992255
a31	0.06652407	0.08241902	0.0802562	0.12041221	0.06720997	0.06472328	0.06807099	0.063127086	0.06316972	0.07071111	0.06409967	0.062518135	0.06323373	0.06352471
a10	0.035394873	0.034932766	0.0349004	0.0706398	0.021572499	0.018889511	0.023798145	0.0195691	0.026236946	0.06436563	0.02795925	0.07946095	0.26310423	0.27917594
</S>	0.06570354	0.092685126	0.08308939	0.1496986	0.06393813	0.062415086	0.06764905	0.05892032	0.059649657	0.061518494	0.058979686	0.05831057	0.05868658	0.0587558
