 	l	anno	che	viene	devo	mangiare	molti	dolci	</S>
a8	0.08388269	0.12521876	0.1926784	0.17197853	0.19165827	0.05739778	0.11691079	0.021633014	0.03864178
a31	0.19229321	0.21545045	0.15771623	0.0669159	0.12794687	0.028903175	0.121986546	0.0591252	0.02966241
a46	0.15723188	0.35222897	0.17325923	0.0532773	0.100329004	0.023634339	0.066535644	0.039321784	0.0341819
a8	0.23288806	0.32672095	0.18947911	0.11591911	0.014878052	0.007354126	0.084310874	0.010078759	0.018370995
a20	0.12705752	0.32988045	0.1805784	0.08824844	0.06299149	0.0053516594	0.13517663	0.025444107	0.045271274
a31	0.12421839	0.30145434	0.17833106	0.10514686	0.073164985	0.012706479	0.07141512	0.05379956	0.07976317
a20	0.077833444	0.20388672	0.15058914	0.06496566	0.08240107	0.010365025	0.053633433	0.052901115	0.30342442
a13	0.044055708	0.14393274	0.07869238	0.044781387	0.12867536	0.025386017	0.09438972	0.12909287	0.31099376
a14	0.06597334	0.1154906	0.099005714	0.0527299	0.10221915	0.018053802	0.07851197	0.13705136	0.3309642
a0	0.084995784	0.12225361	0.12298288	0.061409622	0.08500894	0.023907378	0.07993605	0.115851395	0.3036543
a31	0.09681524	0.13248247	0.13766436	0.055834994	0.0493825	0.03061637	0.09403461	0.11021844	0.292951
a37	0.062826544	0.19138035	0.11065988	0.07438691	0.044467717	0.054257665	0.032980267	0.048148494	0.38089216
a35	0.06414203	0.14124218	0.11427465	0.03199938	0.11861682	0.028367516	0.05864393	0.13887346	0.30384
a17	0.04105119	0.10806582	0.067720436	0.03227975	0.14156465	0.0060609975	0.10109319	0.0755316	0.42663237
a31	0.044507433	0.12782986	0.06722646	0.04105588	0.095083006	0.01219649	0.15061988	0.24987349	0.2116075
a15	0.044079695	0.19490415	0.08705654	0.10178945	0.08025206	0.0827492	0.020146834	0.023724973	0.3652971
a31	0.031991415	0.11482061	0.05918676	0.020652698	0.14707862	0.024425218	0.039263256	0.060567975	0.5020134
a46	0.041505914	0.09980076	0.114146285	0.23833245	0.20165288	0.078952424	0.023532849	0.021409193	0.18066725
a35	0.015079617	0.05216403	0.0366173	0.049339186	0.19285908	0.02506245	0.060177978	0.08770565	0.48099464
a20	0.018323382	0.059448257	0.035915457	0.024734171	0.11235657	0.04898732	0.15906191	0.36045688	0.18071604
a31	0.0073728836	0.01575895	0.010861187	0.014115448	0.18494703	0.019928614	0.21644373	0.35882252	0.17174968
a17	0.049938776	0.107892126	0.10644876	0.13672161	0.2444363	0.11318011	0.055737264	0.052980755	0.13266428
a20	0.015222375	0.059714466	0.05225555	0.081534654	0.138918	0.07048387	0.14567521	0.18773586	0.24845995
a8	0.0073029543	0.027540956	0.01856327	0.033705592	0.16857606	0.023068957	0.16730441	0.29309157	0.26084623
a23	0.0023847548	0.0029198737	0.0030056203	0.0040128916	0.06254298	0.013061682	0.49860084	0.31798685	0.0954845
a46	0.018409772	0.02253676	0.04062408	0.05828595	0.10441441	0.03008086	0.41303107	0.13389166	0.17872547
a8	0.02271905	0.026690094	0.04240512	0.060427442	0.08875943	0.02761156	0.39780653	0.14982775	0.1837531
a31	0.022314025	0.027756354	0.049797967	0.06142191	0.13362378	0.024459489	0.26418525	0.08834607	0.32809514
a17	0.04438495	0.10097854	0.120941736	0.07018525	0.1255908	0.09817326	0.062571846	0.09162511	0.2855485
a31	0.017234942	0.051988788	0.031428	0.025546854	0.09415008	0.092395484	0.10357948	0.12369591	0.4599805
a37	0.041581236	0.04615336	0.036466144	0.060589798	0.27666834	0.08209602	0.059426375	0.16573144	0.2312873
a31	0.030509897	0.057290092	0.044663403	0.063429534	0.23993732	0.1375324	0.067850076	0.16230106	0.19648625
a30	0.02270456	0.03917839	0.04182948	0.07223631	0.19666718	0.07892576	0.11141445	0.20179655	0.23524727
a21	0.031103613	0.05657119	0.054185797	0.12149925	0.13235256	0.2032451	0.03819247	0.09939703	0.26345298
a10	0.010176554	0.046991102	0.0684863	0.1835729	0.088717654	0.14126655	0.07813564	0.08014669	0.3025066
a39	0.011003536	0.042423293	0.049863156	0.09116202	0.14667843	0.13806471	0.16224843	0.15170588	0.20685053
a38	0.0062006605	0.027243502	0.027790185	0.021384995	0.19558278	0.11903303	0.15458624	0.15973578	0.28844282
a41	0.007885095	0.043335225	0.043411665	0.025928596	0.16721264	0.15211895	0.10711219	0.10626848	0.3467272
a18	0.0072636544	0.034392707	0.050102305	0.027855378	0.18299893	0.14664805	0.112135835	0.116500124	0.32210302
a31	0.007313736	0.031351496	0.04679758	0.031119734	0.1946893	0.17746131	0.10125427	0.10472059	0.30529198
a21	0.013304948	0.061337747	0.030707713	0.04402738	0.13905437	0.16693951	0.05467803	0.056982577	0.43296775
a20	0.008779186	0.044105314	0.0379658	0.042691816	0.1691988	0.19983225	0.051801436	0.05696059	0.38866478
a31	0.009304631	0.04931416	0.044580184	0.042472944	0.19068632	0.21920684	0.04392217	0.04807003	0.35244268
a28	0.0127544	0.030809628	0.017258791	0.03791309	0.2115263	0.11649695	0.07969087	0.11620264	0.37734726
a31	0.0135975	0.04736795	0.03639151	0.050412036	0.22099718	0.16079728	0.054220792	0.075576216	0.34063953
a17	0.010526846	0.016111309	0.016476836	0.033221886	0.12619235	0.08589696	0.10716022	0.346172	0.2582416
a20	0.011712583	0.023796886	0.019250162	0.08147083	0.14687344	0.1277861	0.1116164	0.18886933	0.28862423
a31	0.018801106	0.06252156	0.05044822	0.080747314	0.19252925	0.16514501	0.051695652	0.08284307	0.29526883
a37	0.0083185835	0.016089136	0.018594747	0.032533895	0.09933795	0.06355702	0.13708991	0.3898248	0.234654
</S>	0.009225108	0.022206768	0.020249967	0.08087075	0.13978538	0.11070239	0.11791527	0.1966079	0.30243644
