 	il	cibo	vuole	mangiato	appena	lo	cucini	che	è	più	saporito	</S>
o	0.976999	0.0123556	0.0105085	3.46225e-05	1.74367e-05	7.07984e-07	1.39452e-05	1.94699e-06	1.18181e-05	1.08601e-06	6.6862e-07	5.49086e-05
m	0.241547	0.678931	0.07035	0.0053309	0.000561724	0.000104574	0.00169691	0.00035571	0.00105478	3.41446e-05	1.39418e-05	1.87865e-05
a	0.00338667	0.753677	0.149987	0.0214213	0.0491414	0.000351611	0.0111678	0.00156846	0.00439928	0.00044668	0.00036469	0.00408831
r	0.115087	0.871926	0.00526994	0.00367695	0.000193544	0.000437027	0.00198025	0.000736891	0.000662027	2.18268e-05	3.13502e-06	5.5905e-06
ì	0.0238173	0.569214	0.196552	0.0700677	0.0571304	0.0052135	0.0319788	0.0106461	0.00866929	0.00249832	0.000815709	0.0233969
o	0.0064785	0.846272	0.129694	0.0143354	0.0012956	1.02236e-05	0.000470215	0.000196286	0.000502301	8.61528e-05	9.41468e-05	0.000565068
t	0.00605909	0.00893882	0.977406	0.00724507	6.74937e-05	7.22783e-05	0.000102544	2.85726e-05	3.0713e-05	9.68461e-07	1.39478e-06	4.71229e-05
è	0.00283641	0.049194	0.773609	0.0933403	0.0383002	0.00445318	0.00829419	0.00711572	0.00368634	0.00206186	0.0017589	0.0153499
l	7.2033e-05	0.050604	0.923978	0.0168719	0.00689819	4.8823e-06	0.000328885	9.44865e-05	0.00042266	0.000104784	4.54721e-05	0.000574461
i	0.000561979	0.00559974	0.959383	0.03165	0.001408	0.000265598	0.000841895	0.00012198	0.000117134	1.68167e-06	1.03144e-05	3.88713e-05
f	0.000690098	0.00369101	0.156656	0.819473	0.00414498	0.00389624	0.00553421	0.00418209	0.00159598	7.56575e-05	1.3493e-05	4.68962e-05
a	0.000171074	0.00367804	0.396037	0.358579	0.162638	0.00825922	0.0194879	0.0207724	0.00852339	0.00642631	0.0016862	0.0137414
m	0.000117234	0.000978504	0.0540102	0.879674	0.0260176	0.00712914	0.0129276	0.00986618	0.00421193	0.00109763	0.000154531	0.00381502
è	0.000149996	0.00273664	0.220429	0.481996	0.201659	0.00788887	0.0310587	0.01374	0.00859812	0.00324668	0.00148932	0.0270079
n	2.87603e-05	0.00533352	0.210389	0.727537	0.043966	3.51946e-05	0.0019367	0.000853622	0.00247236	0.000435878	0.000298542	0.00671306
o	0.000152001	0.00203531	0.103668	0.742792	0.0995936	0.01139	0.0267964	0.00926798	0.00266961	0.00014102	0.000897704	0.000596672
a	0.000301092	0.000650307	0.00600718	0.575963	0.159718	0.140421	0.0682969	0.0389321	0.00832103	0.000601237	9.94411e-05	0.000687997
p	1.92021e-05	0.00032865	0.00144143	0.0496662	0.898756	0.0131815	0.0233158	0.00780601	0.00307618	0.000498354	7.77657e-05	0.0018333
p	4.48496e-05	0.000370507	0.00122117	0.0409193	0.846861	0.048099	0.008837	0.0289989	0.00406562	0.00970366	0.0010857	0.00979352
è	0.00170078	0.00107508	0.00412309	0.0438784	0.0583568	0.29682	0.0786902	0.0825052	0.0163268	0.0241964	0.0295112	0.362816
n	0.00023288	0.00506712	0.00760746	0.0767688	0.555474	0.0260735	0.143038	0.0902074	0.0696084	0.00246533	0.0159024	0.00755487
a	0.000115636	0.00191922	0.00542306	0.071668	0.745037	0.0549433	0.0804294	0.0310478	0.00628922	0.000358252	0.00211401	0.000654627
o	5.29432e-05	9.03159e-05	7.88727e-05	0.00498815	0.0311022	0.528375	0.32289	0.0939231	0.0132542	0.00193339	0.000254692	0.00305679
m	2.89149e-05	0.00047474	0.000558289	0.00215483	0.258246	0.24479	0.278773	0.175798	0.0241707	0.00615231	0.000687828	0.00816574
a	0.000122503	0.000890487	0.00100236	0.00466141	0.289373	0.402664	0.0726806	0.141437	0.0184582	0.0310874	0.00496055	0.0326622
r	2.30676e-05	0.000135851	4.18462e-05	0.000667929	0.0174206	0.302045	0.372669	0.245926	0.0277467	0.0118432	0.00116203	0.0203182
è	5.66144e-05	0.000891401	0.00091922	0.00333734	0.131236	0.201712	0.117281	0.305735	0.0380138	0.0898792	0.0156674	0.0952705
i	4.29511e-05	0.00295953	0.00376235	0.00503373	0.058271	0.0141909	0.397308	0.217705	0.163131	0.0148915	0.0419992	0.0807044
k	9.30272e-05	0.000308586	0.000334479	0.000499298	0.00292631	0.247716	0.178067	0.414453	0.131104	0.0188756	0.00122319	0.00439935
a	6.78465e-05	0.000888804	0.000916153	0.00182897	0.0267522	0.147317	0.034007	0.426238	0.0464246	0.167142	0.0371078	0.11131
è	1.60709e-05	8.99775e-05	2.54432e-05	0.000151254	0.000727017	0.0735866	0.120481	0.459138	0.161489	0.144999	0.00596587	0.0333312
p	6.02063e-05	0.000834146	0.000448829	0.000413281	0.000622988	0.0111088	0.0453371	0.274958	0.511478	0.0469717	0.104547	0.00321935
l	6.86109e-05	0.00153363	0.00141036	0.00220183	0.00642399	0.0372941	0.0665879	0.591504	0.165981	0.0411098	0.0828452	0.00303923
è	2.84952e-06	5.95248e-05	0.000168863	0.000193558	0.00762552	0.00194961	0.00151427	0.0051525	0.00531147	0.0373585	0.392741	0.547922
o	0.000143911	0.00481324	0.00187866	0.00225358	0.00047026	0.00152841	0.027388	0.0806812	0.267208	0.0773066	0.304669	0.23166
s	0.000284333	0.0013131	0.00124148	0.00134491	0.000748837	0.0290419	0.0172517	0.199571	0.22029	0.282095	0.175105	0.071713
a	2.19928e-05	0.00026913	0.000246326	0.000375399	0.000871553	0.00603613	0.00111699	0.0980892	0.0279355	0.635048	0.133531	0.0964584
p	7.15432e-06	7.02371e-05	3.39123e-05	8.56551e-05	8.38221e-05	0.00159916	0.00129954	0.0360636	0.0333742	0.664109	0.064551	0.198722
o	2.99567e-05	0.000521122	0.000438687	0.000671847	0.00119922	0.00246851	0.00050207	0.0601128	0.0118693	0.660819	0.119921	0.141446
r	2.4598e-05	0.000159196	5.54442e-05	0.000199584	0.000122341	0.00367808	0.001564	0.0332403	0.0187992	0.474238	0.0859542	0.381965
ì	2.05654e-05	0.000205891	0.000178897	0.000333956	0.00047477	0.00272835	0.00062909	0.030601	0.00904376	0.451611	0.277059	0.227114
t	1.42588e-05	0.000521579	0.00049245	0.000372783	0.000236029	0.000184408	0.000815855	0.0152213	0.0279561	0.056149	0.806352	0.0916841
o	2.43042e-05	0.000476562	0.000452798	0.000508495	0.000338428	0.000663457	0.000404965	0.0188948	0.0103733	0.0535676	0.903174	0.0111209
</S>	1.8925e-05	7.69709e-05	4.10509e-05	8.94141e-05	5.32807e-05	0.00171834	0.000750337	0.0110693	0.0102894	0.0680755	0.0295286	0.878289
