 	vuole	pianto	</S>
e	0.991933	0.00352223	0.00454467
t	0.999351	0.000305657	0.000343206
è	0.891731	0.0289857	0.0792829
l	0.964965	0.0319124	0.00312238
i	0.909261	0.0815332	0.00920589
k	0.586466	0.40304	0.0104949
l	0.0293738	0.400097	0.570529
a	0.0185571	0.110541	0.870902
m	0.0476542	0.299867	0.652479
m	0.0146708	0.797854	0.187475
è	0.0112763	0.143812	0.844912
n	0.000192808	0.842585	0.157222
o	0.00445073	0.928805	0.0667438
</S>	0.000684687	0.169022	0.830293
