 	vengono	vestiti	</S>
è	0.787474	0.122874	0.0896521
r	0.200191	0.116656	0.683152
k	0.220906	0.685233	0.0938617
u	0.0726227	0.615954	0.311423
t	0.333037	0.665612	0.00135102
t	0.037732	0.66644	0.295828
e	0.120911	0.222643	0.656445
n	0.0731263	0.680014	0.24686
d	0.00526956	0.164343	0.830387
i	0.0142855	0.182285	0.803429
m	0.00592757	0.342006	0.652067
è	0.00171201	0.576509	0.421779
n	0.000472059	0.566758	0.43277
a	0.00414701	0.982298	0.0135551
</S>	0.000361719	0.138512	0.861126
