 	Marìa	però	sta	ora	sta	seduta	nel	giardino	e	non	può	rispondere	al	telefono	non	può	parlare	al	telefono	</S>
a46	0.041310754	0.04221186	0.038555097	0.042644374	0.04072099	0.041916206	0.04121746	0.044108454	0.05390611	0.05445488	0.040232096	0.05430283	0.057288326	0.039022297	0.045641277	0.037268132	0.06005668	0.07456249	0.0738229	0.0767568
a31	0.0331543	0.0317082	0.030768806	0.031942967	0.03086998	0.02821977	0.052192945	0.055955905	0.06955447	0.08160519	0.06632395	0.06214612	0.09551026	0.049353905	0.049207125	0.027730651	0.0476993	0.040717173	0.054611456	0.060727596
a20	0.097180426	0.07612305	0.06686615	0.07341065	0.07529771	0.07032248	0.057865556	0.04832258	0.053205576	0.048281208	0.048944503	0.06605644	0.06010587	0.045152105	0.030377867	0.019737802	0.019991033	0.0157707	0.015427126	0.0115610985
a11	0.046598252	0.043635346	0.03996485	0.04507662	0.043906916	0.045168657	0.05518291	0.04582806	0.070803665	0.0792153	0.07769729	0.086368844	0.101773046	0.061374415	0.059869193	0.016068518	0.023853518	0.016964559	0.020111583	0.020538518
a29	0.0657895	0.054205377	0.04716385	0.056951243	0.05410806	0.056527693	0.05283497	0.043916214	0.059666328	0.06312702	0.074680924	0.084189765	0.09437782	0.062389553	0.05162821	0.01725169	0.018621895	0.013646164	0.015022028	0.013901767
a31	0.068269126	0.06275161	0.052508797	0.06130054	0.05623404	0.057374362	0.051591013	0.04313442	0.05565231	0.05658079	0.07247734	0.08771875	0.08609171	0.06527224	0.048200816	0.01682942	0.01771581	0.014352739	0.013845527	0.012098692
a0	0.08254703	0.08368478	0.06014802	0.06861498	0.06132044	0.053230092	0.050371025	0.04707363	0.05061107	0.048518915	0.06409859	0.07796099	0.07389705	0.058060687	0.039814442	0.015341048	0.01986514	0.018741196	0.013535476	0.012565444
a39	0.05419128	0.061041553	0.05258395	0.057083394	0.048356634	0.027854268	0.03942068	0.04258158	0.05812515	0.07829133	0.06958751	0.08680303	0.11794702	0.070783176	0.050886523	0.01484341	0.019976469	0.01630375	0.01611691	0.017222479
a31	0.065598264	0.06551745	0.051230397	0.052513957	0.04860782	0.041353468	0.044885606	0.04494979	0.06148279	0.07137036	0.06432515	0.08319757	0.09061084	0.06596375	0.047985267	0.020284388	0.022229396	0.019534985	0.019597663	0.018761056
a37	0.060079526	0.06804985	0.05152698	0.058684118	0.04624708	0.034754075	0.047502473	0.04695459	0.05870578	0.067348324	0.0750263	0.091804564	0.106183425	0.06294481	0.04614568	0.014259306	0.018119343	0.016764777	0.014387794	0.014511189
a31	0.05765641	0.06862446	0.051270247	0.049978066	0.0485973	0.04393813	0.053187117	0.052587457	0.05660288	0.053594638	0.057334717	0.07400553	0.06996357	0.063095324	0.04262135	0.032853782	0.033910234	0.03250683	0.030743686	0.026928239
a20	0.057620883	0.066332094	0.053133	0.058333106	0.049298797	0.029667642	0.04328161	0.042248014	0.055139944	0.06687274	0.075795606	0.09226068	0.109163195	0.06431044	0.044555858	0.01601768	0.02006889	0.018196393	0.018615466	0.019088041
a17	0.056926724	0.06922753	0.05265673	0.0498249	0.048324775	0.043352284	0.055452306	0.05269984	0.052475527	0.04965903	0.057813585	0.07057965	0.06242928	0.06318935	0.040757693	0.0336282	0.03859877	0.03709287	0.035078745	0.030232206
a28	0.06424151	0.088531315	0.060923353	0.055698678	0.04480169	0.030804737	0.04867331	0.052012548	0.05633553	0.06202634	0.07005481	0.05747342	0.07490726	0.056998912	0.037618108	0.02468769	0.028918734	0.029008113	0.02563928	0.030644668
a31	0.07282483	0.08179979	0.060619064	0.058008328	0.051548954	0.03242161	0.04644952	0.045623746	0.051983383	0.05966372	0.069720045	0.06390528	0.07271701	0.06645434	0.043127157	0.021295888	0.025948878	0.025440577	0.024169555	0.02627834
a16	0.061919395	0.06820977	0.05731877	0.057456665	0.047132384	0.029180625	0.04421389	0.040919147	0.052363813	0.06543122	0.081663005	0.078719035	0.10321292	0.07008543	0.04597865	0.017634762	0.019737242	0.017919594	0.020301256	0.020602496
a8	0.058727626	0.07327732	0.05336421	0.05049966	0.046555866	0.034499984	0.053389944	0.051146075	0.0556204	0.06026619	0.06891156	0.06456251	0.070286974	0.060369615	0.039822742	0.025394704	0.03410338	0.034348484	0.031128593	0.033724222
a31	0.06573863	0.073226355	0.06590113	0.0681777	0.06038536	0.031702533	0.030242588	0.038415533	0.05062679	0.076853625	0.05855998	0.06681896	0.12266273	0.06354467	0.046720844	0.018850334	0.01574114	0.013899465	0.013927865	0.01800376
a0	0.06602497	0.061254628	0.051201317	0.04842547	0.04410738	0.039111353	0.05841753	0.05389439	0.060758624	0.06521665	0.06572051	0.066764355	0.07505172	0.06563789	0.044672493	0.023953604	0.028629927	0.025153862	0.028071685	0.027931584
a31	0.07652919	0.08170787	0.07273217	0.07027728	0.057479452	0.030241955	0.034201823	0.036719732	0.045521755	0.062246695	0.07281132	0.06006556	0.0920817	0.06828459	0.044662226	0.020078523	0.018437581	0.017517323	0.016892888	0.02151037
a24	0.07290376	0.0704401	0.058230534	0.05463192	0.0477049	0.035543125	0.05213871	0.05181588	0.05924113	0.063929774	0.065751515	0.061713677	0.077380314	0.05625803	0.038047403	0.021731101	0.029990014	0.026734788	0.026245756	0.029567538
a46	0.07562499	0.077512294	0.063377135	0.059034444	0.048928007	0.03697596	0.04666351	0.045473788	0.056533657	0.066557296	0.07140368	0.055294145	0.0790698	0.05909373	0.043323204	0.024912821	0.02304893	0.020298509	0.021446366	0.025427682
a14	0.06198778	0.063894644	0.061017685	0.0628425	0.05830213	0.040600277	0.033194948	0.033302568	0.052731663	0.077773735	0.06092935	0.07085733	0.11195609	0.059962686	0.053120676	0.02687501	0.01792728	0.0131710945	0.019141043	0.020411547
a8	0.05238357	0.051448133	0.048455857	0.04633678	0.03926638	0.033209357	0.05172518	0.051671065	0.060037844	0.07060045	0.07422265	0.06432683	0.089252494	0.06385813	0.050122794	0.0264987	0.02866971	0.025816323	0.03236703	0.03973076
a31	0.047591582	0.05163915	0.044474892	0.05230312	0.048034582	0.038586635	0.04033519	0.04615885	0.07118325	0.10458695	0.060141075	0.07164062	0.13997428	0.045212604	0.048546135	0.018515725	0.018572247	0.014062682	0.017238645	0.021201769
a20	0.05832957	0.052307513	0.048417684	0.04838761	0.04829328	0.047748964	0.059939735	0.05362774	0.057109896	0.059814088	0.062743515	0.07024418	0.06738519	0.06704604	0.044873234	0.027057825	0.033286173	0.03166365	0.031194901	0.030529236
a31	0.050757937	0.050806433	0.04841068	0.05003529	0.046815168	0.031847026	0.042183727	0.042717114	0.06496268	0.0962787	0.06429815	0.06606617	0.12485811	0.050348748	0.03690231	0.022568086	0.0243604	0.020699097	0.028472807	0.036611322
a7	0.07356847	0.07057458	0.056519363	0.052452393	0.047819935	0.03678934	0.05906038	0.05996492	0.06320598	0.054580893	0.06027346	0.058301393	0.06441622	0.05186641	0.037807003	0.023666851	0.035679825	0.030661479	0.032617394	0.030173674
a31	0.064618945	0.06554213	0.063749485	0.06419341	0.060972854	0.039392043	0.031213952	0.031801574	0.049338378	0.07886528	0.060931034	0.063607894	0.10954081	0.06113584	0.046889596	0.025724858	0.017963372	0.015075451	0.022754624	0.02668845
a35	0.073369734	0.06605333	0.057419118	0.055101138	0.052019026	0.037738517	0.05328047	0.054677248	0.056492865	0.059445668	0.06354742	0.056285717	0.06714769	0.053266056	0.03713895	0.023256646	0.03465867	0.03374386	0.029633341	0.03572456
a20	0.06854662	0.06868493	0.06715448	0.06664851	0.061313335	0.042157352	0.035011556	0.031706113	0.043349057	0.062548675	0.06245632	0.063188165	0.088213965	0.06350208	0.049563836	0.03219618	0.02055036	0.01584595	0.028129332	0.029233217
a31	0.05308328	0.052530143	0.051393162	0.05118051	0.047096968	0.035289727	0.040186428	0.049569782	0.05664625	0.074050836	0.060215905	0.056812596	0.09912654	0.05330194	0.047532797	0.0332534	0.028399587	0.02700241	0.03714241	0.04618531
a10	0.069936104	0.0648289	0.057201207	0.055256777	0.052139472	0.037151564	0.05472286	0.056526486	0.057456262	0.057782702	0.06358283	0.055359982	0.06436421	0.052186858	0.03757229	0.023452077	0.036063768	0.03505353	0.032001607	0.03736057
a31	0.07009543	0.07003169	0.067404	0.06586107	0.057787105	0.03734685	0.035205532	0.03759187	0.04296267	0.06247443	0.061315544	0.056185577	0.08887154	0.058950443	0.04042151	0.030597735	0.024266884	0.021423988	0.031904865	0.039301258
a37	0.083745666	0.07773281	0.06429664	0.05961711	0.05420824	0.036591165	0.045852598	0.054490644	0.054905564	0.059430197	0.05927261	0.04676009	0.06771277	0.046116345	0.034870498	0.024728779	0.031966373	0.031550612	0.028125314	0.038025998
a24	0.077649	0.077367246	0.07320867	0.07000178	0.059217833	0.039249476	0.035294566	0.036460098	0.03873564	0.05370035	0.06079953	0.053467568	0.07663798	0.059827663	0.040001567	0.031725593	0.024473006	0.022208543	0.032071628	0.03790227
a28	0.05748784	0.056100823	0.055673603	0.05576815	0.05506232	0.047139637	0.039822236	0.03737965	0.050231073	0.06129564	0.054404162	0.055621304	0.070893385	0.05480428	0.048932757	0.03761057	0.032169778	0.03395657	0.04826024	0.047385998
a31	0.046845656	0.04493028	0.04415684	0.04469308	0.04365871	0.036761485	0.041278996	0.05294732	0.06609093	0.0840554	0.052569315	0.05193407	0.101807415	0.045550372	0.042736534	0.03262945	0.032254532	0.03451259	0.044918697	0.0556683
a26	0.065148614	0.06329882	0.05604879	0.0538077	0.05065167	0.0374367	0.05781591	0.058442153	0.057540476	0.05299973	0.06293023	0.056801103	0.059148397	0.054044858	0.0400397	0.024703812	0.039111543	0.03724613	0.035553027	0.03723062
a31	0.05707453	0.054245	0.05267043	0.053405717	0.05139913	0.03719289	0.037165117	0.04025439	0.054499567	0.08187646	0.05539864	0.054981157	0.106735334	0.047299027	0.035051912	0.027277518	0.029856287	0.033176746	0.040744867	0.049695306
a28	0.07860996	0.07618561	0.061954796	0.056576952	0.05158845	0.037681397	0.05006259	0.060208317	0.059851754	0.057251483	0.0555001	0.045998175	0.06540021	0.044211157	0.035952225	0.026452605	0.034879647	0.03325433	0.030373456	0.03800679
a31	0.06446864	0.062122382	0.061329972	0.061216224	0.059507277	0.04442284	0.03607941	0.030112507	0.04189976	0.058141615	0.057653274	0.057878003	0.068461664	0.056988977	0.044489585	0.035113666	0.032246247	0.033716835	0.047667217	0.046483867
a39	0.08807278	0.080069914	0.06841802	0.064037405	0.05957203	0.040136732	0.04181601	0.05189177	0.04937558	0.056662537	0.05412808	0.044503327	0.06573651	0.045861017	0.035424996	0.028099222	0.030692853	0.030216308	0.028164154	0.03712073
a31	0.0648288	0.062344108	0.061697446	0.061515905	0.060074992	0.045918375	0.03628823	0.028728059	0.040464196	0.05414182	0.057265267	0.057628606	0.060604896	0.057892673	0.0457542	0.036850866	0.03396384	0.036352053	0.050172135	0.047513526
a39	0.090346955	0.08160463	0.06990069	0.065451175	0.061047208	0.04161594	0.040538736	0.048414886	0.04608088	0.054654337	0.053921714	0.045231115	0.06451137	0.04732804	0.035576653	0.029057931	0.029982787	0.029052367	0.028848989	0.036833536
a31	0.0643482	0.061363447	0.060741447	0.060585205	0.059368547	0.046547707	0.036787808	0.028887661	0.04103146	0.053682864	0.0568294	0.057182383	0.05892427	0.05733534	0.046055026	0.037150208	0.035304185	0.037945103	0.051327072	0.04860271
a20	0.09064095	0.081577346	0.070157975	0.06580912	0.06157225	0.042392157	0.040283907	0.046976935	0.044878025	0.053827506	0.053911816	0.0457313	0.06381916	0.048033156	0.03566367	0.029376652	0.029755427	0.028726436	0.029591385	0.037274808
a31	0.06564782	0.06215928	0.06142483	0.061169624	0.059550073	0.044770867	0.035638466	0.028209053	0.039048612	0.052609414	0.05726864	0.05705528	0.05900012	0.05722169	0.045069028	0.036754657	0.036345325	0.039217997	0.05193037	0.049908847
a24	0.093986034	0.08536613	0.07247425	0.06731035	0.062287074	0.04236202	0.03924926	0.04406248	0.042374775	0.050268818	0.053459357	0.045252286	0.059938524	0.04809895	0.036030214	0.02997167	0.029407976	0.028194724	0.031620815	0.03828432
a28	0.062040344	0.057906356	0.057370085	0.057287976	0.05664561	0.04858568	0.03933125	0.03151739	0.043905485	0.052676763	0.05430397	0.055056736	0.05536299	0.055468503	0.047334228	0.038912725	0.038582828	0.04205317	0.05370959	0.051948357
a31	0.05784014	0.050964903	0.050202426	0.050228056	0.04962885	0.04423455	0.03918534	0.037413083	0.0473111	0.053760454	0.050309315	0.050598025	0.05818581	0.04971013	0.047161415	0.043998186	0.046255004	0.045540422	0.061723974	0.06574881
a46	0.07620106	0.07048461	0.06358942	0.061099052	0.058058936	0.039702225	0.045805994	0.05541363	0.053617485	0.060612075	0.0571584	0.046370745	0.0673241	0.046499874	0.03528877	0.02652876	0.03262768	0.033277538	0.02933826	0.041001428
a31	0.06152084	0.052679166	0.051346328	0.051726665	0.051097397	0.04752905	0.042851966	0.036545016	0.049211774	0.056240715	0.051074944	0.053644255	0.05934926	0.04962624	0.04459098	0.03979117	0.043576654	0.040067654	0.05837629	0.059153654
a39	0.07967597	0.07150657	0.06518854	0.06288132	0.060628675	0.044067405	0.043183807	0.050382137	0.048826944	0.06022234	0.05565913	0.0482284	0.06956387	0.049416307	0.035554025	0.028414657	0.030279081	0.029769765	0.028521191	0.038029857
a31	0.06434354	0.05552556	0.05450637	0.05449538	0.053867526	0.04764526	0.040130515	0.03257789	0.044474464	0.0529954	0.05271146	0.05317669	0.055677284	0.052255932	0.044538792	0.038501933	0.04322071	0.044383824	0.056229968	0.058741532
a8	0.089782484	0.08103511	0.07045793	0.06634854	0.06233654	0.042291623	0.040465333	0.047504365	0.0450912	0.052968323	0.052926287	0.045063592	0.06234187	0.04705121	0.036153514	0.029876014	0.030331638	0.029315814	0.03057137	0.038087297
a31	0.061157506	0.054385226	0.053056937	0.05355222	0.05282086	0.047831282	0.041036166	0.033653766	0.04832893	0.056555133	0.052636355	0.055725273	0.0602952	0.05065629	0.044928733	0.03890306	0.04175271	0.037932042	0.058114488	0.05667777
</S>	0.082369484	0.07337057	0.0670699	0.06469578	0.06265466	0.0473318	0.042649753	0.045456227	0.044847112	0.05629732	0.055540282	0.04994791	0.066342086	0.05150154	0.036883485	0.030281955	0.029751867	0.028242	0.029320462	0.035445813
